MEME version 4

ALPHABET= ACGT

strands: + -

MOTIF motif_1 motif_1
letter-probability matrix: alength= 4 w= 24
0.289583 0.106250 0.483333 0.120833
0.850000 0.031250 0.110417 0.008333
0.000000 0.006250 0.000000 0.993750
0.004167 0.000000 0.916667 0.079167
0.991667 0.000000 0.000000 0.008333
0.000000 0.718750 0.020833 0.260417
0.245833 0.020833 0.727083 0.006250
0.008333 0.000000 0.000000 0.991667
0.079167 0.910417 0.004167 0.006250
0.989583 0.002083 0.008333 0.000000
0.025000 0.131250 0.052083 0.791667
0.139583 0.406250 0.120833 0.333333
0.310417 0.208333 0.197917 0.283333
0.235417 0.218750 0.143750 0.402083
0.264583 0.172917 0.156250 0.406250
0.266667 0.202083 0.170833 0.360417
0.279167 0.191667 0.145833 0.383333
0.241667 0.250000 0.197917 0.310417
0.264583 0.210417 0.195833 0.329167
0.281250 0.204167 0.216667 0.297917
0.281250 0.227083 0.177083 0.314583
0.258333 0.195833 0.243750 0.302083
0.266667 0.216667 0.229167 0.287500
0.295833 0.268750 0.175000 0.260417

MOTIF motif_13 motif_13
letter-probability matrix: alength= 4 w= 24
0.82 0.00 0.06 0.12
0.10 0.82 0.06 0.02
0.60 0.10 0.28 0.02
0.06 0.14 0.00 0.80
0.02 0.90 0.04 0.04
0.56 0.14 0.02 0.28
0.06 0.02 0.22 0.70
0.18 0.32 0.08 0.42
0.14 0.64 0.10 0.12
0.30 0.28 0.06 0.36
0.24 0.28 0.28 0.20
0.22 0.14 0.48 0.16
0.42 0.08 0.08 0.42
0.26 0.50 0.22 0.02
0.28 0.46 0.16 0.10
0.16 0.30 0.06 0.48
0.22 0.28 0.30 0.20
0.62 0.12 0.04 0.22
0.40 0.06 0.12 0.42
0.12 0.56 0.20 0.12
0.28 0.34 0.12 0.26
0.66 0.16 0.02 0.16
0.08 0.30 0.32 0.30
0.10 0.48 0.32 0.10

MOTIF motif_11 motif_11
letter-probability matrix: alength= 4 w= 24
0.274052 0.206997 0.247813 0.271137
0.250729 0.236152 0.189504 0.323615
0.186589 0.134111 0.253644 0.425656
0.276968 0.125364 0.221574 0.376093
0.285714 0.145773 0.268222 0.300292
0.335277 0.128280 0.309038 0.227405
0.507289 0.104956 0.122449 0.265306
0.460641 0.107872 0.198251 0.233236
0.492711 0.139942 0.204082 0.163265
0.186589 0.163265 0.198251 0.451895
0.233236 0.104956 0.586006 0.075802
0.862974 0.046647 0.081633 0.008746
0.002915 0.032070 0.005831 0.959184
0.017493 0.008746 0.903790 0.069971
0.900875 0.005831 0.000000 0.093294
0.002915 0.760933 0.023324 0.212828
0.358601 0.032070 0.594752 0.014577
0.008746 0.008746 0.002915 0.979592
0.049563 0.924198 0.011662 0.014577
0.938776 0.029155 0.017493 0.014577
0.064140 0.058309 0.055394 0.822157
0.122449 0.405248 0.139942 0.332362
0.344023 0.201166 0.172012 0.282799
0.206997 0.247813 0.131195 0.413994

MOTIF motif_2 motif_2
letter-probability matrix: alength= 4 w= 24
0.140625 0.187500 0.481250 0.190625
0.406250 0.096875 0.128125 0.368750
0.237500 0.293750 0.337500 0.131250
0.218750 0.062500 0.290625 0.428125
0.318750 0.096875 0.143750 0.440625
0.396875 0.168750 0.171875 0.262500
0.571875 0.125000 0.165625 0.137500
0.228125 0.200000 0.171875 0.400000
0.268750 0.053125 0.553125 0.125000
0.778125 0.050000 0.128125 0.043750
0.037500 0.115625 0.015625 0.831250
0.028125 0.031250 0.821875 0.118750
0.790625 0.018750 0.015625 0.175000
0.037500 0.690625 0.059375 0.212500
0.428125 0.028125 0.531250 0.012500
0.009375 0.021875 0.003125 0.965625
0.053125 0.828125 0.090625 0.028125
0.915625 0.025000 0.018750 0.040625
0.028125 0.100000 0.087500 0.784375
0.240625 0.212500 0.156250 0.390625
0.275000 0.178125 0.159375 0.387500
0.200000 0.237500 0.215625 0.346875
0.409375 0.215625 0.103125 0.271875
0.175000 0.218750 0.125000 0.481250

MOTIF motif_6 motif_6
letter-probability matrix: alength= 4 w= 24
0.275574 0.204593 0.206681 0.313152
0.292276 0.110647 0.471816 0.125261
0.843424 0.031315 0.116910 0.008351
0.000000 0.006263 0.000000 0.993737
0.002088 0.000000 0.912317 0.085595
0.995825 0.000000 0.000000 0.004175
0.000000 0.703549 0.020877 0.275574
0.233820 0.020877 0.743215 0.002088
0.002088 0.000000 0.000000 0.997912
0.079332 0.918580 0.002088 0.000000
0.991649 0.000000 0.008351 0.000000
0.022965 0.127349 0.052192 0.797495
0.139875 0.407098 0.121086 0.331942
0.311065 0.210856 0.198330 0.279749
0.235908 0.217119 0.141962 0.405010
0.258873 0.179541 0.146138 0.415449
0.263048 0.196242 0.175365 0.365344
0.283925 0.187891 0.148225 0.379958
0.250522 0.242171 0.198330 0.308977
0.265136 0.217119 0.194154 0.323591
0.275574 0.200418 0.215031 0.308977
0.267223 0.240084 0.175365 0.317328
0.260960 0.200418 0.244259 0.294363
0.275574 0.212944 0.221294 0.290188

