MEME version 4

ALPHABET= ACGT

strands: + -

MOTIF motif_13 motif_13
letter-probability matrix: alength= 4 w= 24
0.009615 0.298077 0.144231 0.548077
0.028846 0.836538 0.086538 0.048077
0.701923 0.230769 0.000000 0.067308
0.048077 0.644231 0.096154 0.211538
0.163462 0.000000 0.634615 0.201923
0.009615 0.048077 0.019231 0.923077
0.076923 0.009615 0.807692 0.105769
0.461538 0.182692 0.105769 0.250000
0.048077 0.461538 0.288462 0.201923
0.028846 0.298077 0.442308 0.230769
0.153846 0.451923 0.259615 0.134615
0.269231 0.182692 0.471154 0.076923
0.461538 0.221154 0.230769 0.086538
0.250000 0.211538 0.298077 0.240385
0.134615 0.538462 0.201923 0.125000
0.067308 0.240385 0.250000 0.442308
0.278846 0.221154 0.384615 0.115385
0.230769 0.057692 0.394231 0.317308
0.192308 0.326923 0.403846 0.076923
0.173077 0.634615 0.163462 0.028846
0.682692 0.240385 0.048077 0.028846
0.750000 0.096154 0.144231 0.009615
0.423077 0.144231 0.153846 0.278846
0.125000 0.173077 0.375000 0.326923

MOTIF motif_2 motif_2
letter-probability matrix: alength= 4 w= 24
0.125000 0.340909 0.346591 0.187500
0.090909 0.357955 0.380682 0.170455
0.147727 0.244318 0.568182 0.039773
0.079545 0.159091 0.744318 0.017045
0.034091 0.204545 0.068182 0.693182
0.000000 0.943182 0.045455 0.011364
0.988636 0.000000 0.011364 0.000000
0.000000 0.886364 0.005682 0.107955
0.079545 0.005682 0.914773 0.000000
0.000000 0.028409 0.005682 0.965909
0.005682 0.045455 0.943182 0.005682
0.579545 0.113636 0.250000 0.056818
0.005682 0.693182 0.153409 0.147727
0.039773 0.642045 0.215909 0.102273
0.250000 0.386364 0.289773 0.073864
0.221591 0.323864 0.352273 0.102273
0.170455 0.335227 0.340909 0.153409
0.176136 0.363636 0.289773 0.170455
0.102273 0.392045 0.261364 0.244318
0.090909 0.306818 0.352273 0.250000
0.193182 0.278409 0.340909 0.187500
0.147727 0.323864 0.454545 0.073864
0.142045 0.357955 0.414773 0.085227
0.107955 0.534091 0.227273 0.130682

