MEME version 4

ALPHABET= ACGT

strands: + -

MOTIF motif_1 motif_1
letter-probability matrix: alength= 4 w= 24
0.082949 0.101382 0.359447 0.456221
0.764977 0.046083 0.188940 0.000000
0.000000 0.000000 0.013825 0.986175
0.004608 0.000000 0.000000 0.995392
0.069124 0.000000 0.921659 0.009217
0.000000 1.000000 0.000000 0.000000
0.958525 0.000000 0.041475 0.000000
0.004608 0.000000 0.000000 0.995392
0.000000 0.986175 0.009217 0.004608
0.995392 0.000000 0.000000 0.004608
0.000000 0.082949 0.188940 0.728111
0.069124 0.483871 0.087558 0.359447
0.115207 0.419355 0.073733 0.391705
0.276498 0.193548 0.124424 0.405530
0.285714 0.244240 0.156682 0.313364
0.211982 0.304147 0.165899 0.317972
0.253456 0.207373 0.179724 0.359447
0.267281 0.313364 0.188940 0.230415
0.244240 0.267281 0.175115 0.313364
0.308756 0.216590 0.202765 0.271889
0.281106 0.230415 0.239631 0.248848
0.304147 0.281106 0.161290 0.253456
0.230415 0.285714 0.221198 0.262673
0.285714 0.239631 0.133641 0.341014

MOTIF motif_11 motif_11
letter-probability matrix: alength= 4 w= 24
0.274854 0.222222 0.222222 0.280702
0.239766 0.216374 0.245614 0.298246
0.228070 0.181287 0.228070 0.362573
0.157895 0.210526 0.309942 0.321637
0.251462 0.134503 0.245614 0.368421
0.292398 0.175439 0.222222 0.309942
0.345029 0.192982 0.146199 0.315789
0.327485 0.239766 0.187135 0.245614
0.426901 0.175439 0.228070 0.169591
0.274854 0.157895 0.192982 0.374269
0.152047 0.105263 0.315789 0.426901
0.783626 0.023392 0.187135 0.005848
0.000000 0.000000 0.005848 0.994152
0.000000 0.000000 0.017544 0.982456
0.029240 0.005848 0.935673 0.029240
0.005848 0.988304 0.000000 0.005848
0.988304 0.005848 0.005848 0.000000
0.011696 0.000000 0.000000 0.988304
0.000000 0.988304 0.000000 0.011696
0.994152 0.000000 0.005848 0.000000
0.000000 0.046784 0.210526 0.742690
0.093567 0.514620 0.111111 0.280702
0.105263 0.409357 0.058480 0.426901
0.321637 0.128655 0.122807 0.426901

MOTIF motif_6 motif_6
letter-probability matrix: alength= 4 w= 24
0.373178 0.069971 0.399417 0.157434
0.285714 0.113703 0.466472 0.134111
0.644315 0.239067 0.081633 0.034985
0.037901 0.014577 0.037901 0.909621
0.116618 0.008746 0.868805 0.005831
0.743440 0.000000 0.005831 0.250729
0.000000 0.011662 0.002915 0.985423
0.011662 0.000000 0.988338 0.000000
0.029155 0.903790 0.000000 0.067055
0.985423 0.000000 0.014577 0.000000
0.749271 0.000000 0.005831 0.244898
0.000000 0.413994 0.058309 0.527697
0.597668 0.256560 0.072886 0.072886
0.244898 0.154519 0.212828 0.387755
0.163265 0.326531 0.137026 0.373178
0.221574 0.239067 0.198251 0.341108
0.247813 0.157434 0.256560 0.338192
0.212828 0.303207 0.201166 0.282799
0.279883 0.204082 0.174927 0.341108
0.271137 0.233236 0.201166 0.294461
0.341108 0.233236 0.209913 0.215743
0.300292 0.247813 0.154519 0.297376
0.256560 0.192420 0.218659 0.332362
0.233236 0.180758 0.291545 0.294461

