MEME version 4

ALPHABET= ACGT

strands: + -

MOTIF motif_1 motif_1
letter-probability matrix: alength= 4 w= 24
0.277992 0.135135 0.513514 0.073359
0.725869 0.057915 0.208494 0.007722
0.000000 0.000000 0.019305 0.980695
0.000000 0.003861 0.938224 0.057915
0.976834 0.000000 0.000000 0.023166
0.003861 0.822394 0.042471 0.131274
0.204633 0.019305 0.776062 0.000000
0.000000 0.003861 0.000000 0.996139
0.081081 0.907336 0.007722 0.003861
1.000000 0.000000 0.000000 0.000000
0.023166 0.200772 0.111969 0.664093
0.100386 0.416988 0.154440 0.328185
0.193050 0.324324 0.285714 0.196911
0.177606 0.305019 0.235521 0.281853
0.177606 0.285714 0.220077 0.316602
0.258687 0.305019 0.077220 0.359073
0.223938 0.223938 0.193050 0.359073
0.235521 0.266409 0.270270 0.227799
0.277992 0.243243 0.231660 0.247104
0.277992 0.208494 0.254826 0.258687
0.297297 0.216216 0.204633 0.281853
0.266409 0.289575 0.131274 0.312741
0.343629 0.281853 0.227799 0.146718
0.189189 0.254826 0.262548 0.293436

MOTIF motif_11 motif_11
letter-probability matrix: alength= 4 w= 24
0.369811 0.192453 0.184906 0.252830
0.184906 0.256604 0.301887 0.256604
0.249057 0.177358 0.192453 0.381132
0.279245 0.207547 0.260377 0.252830
0.275472 0.241509 0.294340 0.188679
0.335849 0.241509 0.200000 0.222642
0.320755 0.166038 0.166038 0.347170
0.260377 0.233962 0.256604 0.249057
0.347170 0.218868 0.267925 0.166038
0.256604 0.207547 0.290566 0.245283
0.298113 0.124528 0.384906 0.192453
0.683019 0.075472 0.226415 0.015094
0.003774 0.007547 0.007547 0.981132
0.000000 0.003774 0.890566 0.105660
0.988679 0.003774 0.003774 0.003774
0.007547 0.649057 0.124528 0.218868
0.113208 0.033962 0.841509 0.011321
0.003774 0.000000 0.000000 0.996226
0.094340 0.898113 0.000000 0.007547
0.973585 0.007547 0.018868 0.000000
0.011321 0.075472 0.045283 0.867925
0.075472 0.486792 0.154717 0.283019
0.184906 0.415094 0.177358 0.222642
0.252830 0.301887 0.147170 0.298113

MOTIF motif_6 motif_6
letter-probability matrix: alength= 4 w= 24
0.322967 0.205742 0.279904 0.191388
0.294258 0.145933 0.409091 0.150718
0.686603 0.064593 0.239234 0.009569
0.002392 0.009569 0.000000 0.988038
0.000000 0.009569 0.904306 0.086124
0.973684 0.002392 0.014354 0.009569
0.004785 0.739234 0.081340 0.174641
0.167464 0.069378 0.748804 0.014354
0.011962 0.014354 0.000000 0.973684
0.076555 0.894737 0.007177 0.021531
0.968900 0.004785 0.021531 0.004785
0.014354 0.229665 0.069378 0.686603
0.136364 0.428230 0.143541 0.291866
0.200957 0.301435 0.253589 0.244019
0.200957 0.299043 0.184211 0.315789
0.188995 0.251196 0.203349 0.356459
0.196172 0.229665 0.263158 0.311005
0.234450 0.263158 0.205742 0.296651
0.193780 0.246411 0.315789 0.244019
0.265550 0.244019 0.251196 0.239234
0.325359 0.167464 0.282297 0.224880
0.279904 0.246411 0.251196 0.222488
0.241627 0.246411 0.236842 0.275120
0.284689 0.265550 0.200957 0.248804

