MEME version 4

ALPHABET= ACGT

strands: + -

MOTIF motif_1 motif_1
letter-probability matrix: alength= 4 w= 24
0.964516 0.006452 0.022581 0.006452
0.006452 0.980645 0.000000 0.012903
0.025806 0.025806 0.938710 0.009677
0.006452 0.009677 0.012903 0.970968
0.009677 0.003226 0.932258 0.054839
0.370968 0.448387 0.019355 0.161290
0.180645 0.309677 0.387097 0.122581
0.232258 0.367742 0.170968 0.229032
0.177419 0.209677 0.348387 0.264516
0.225806 0.212903 0.354839 0.206452
0.183871 0.332258 0.306452 0.177419
0.225806 0.348387 0.235484 0.190323
0.158065 0.287097 0.354839 0.200000
0.206452 0.332258 0.280645 0.180645
0.245161 0.177419 0.435484 0.141935
0.167742 0.380645 0.267742 0.183871
0.203226 0.309677 0.306452 0.180645
0.161290 0.412903 0.277419 0.148387
0.216129 0.329032 0.212903 0.241935
0.109677 0.300000 0.309677 0.280645
0.251613 0.274194 0.283871 0.190323
0.190323 0.290323 0.274194 0.245161
0.212903 0.351613 0.225806 0.209677
0.135484 0.241935 0.425806 0.196774

MOTIF motif_13 motif_13
letter-probability matrix: alength= 4 w= 24
0.098425 0.023622 0.350394 0.527559
0.019685 0.972441 0.007874 0.000000
0.889764 0.070866 0.011811 0.027559
0.023622 0.917323 0.035433 0.023622
0.059055 0.023622 0.897638 0.019685
0.031496 0.043307 0.086614 0.838583
0.015748 0.019685 0.870079 0.094488
0.421260 0.362205 0.039370 0.177165
0.066929 0.511811 0.228346 0.192913
0.153543 0.228346 0.228346 0.389764
0.228346 0.295276 0.263780 0.212598
0.291339 0.196850 0.421260 0.090551
0.192913 0.251969 0.263780 0.291339
0.216535 0.236220 0.421260 0.125984
0.173228 0.271654 0.173228 0.381890
0.169291 0.161417 0.385827 0.283465
0.118110 0.259843 0.366142 0.255906
0.192913 0.271654 0.255906 0.279528
0.192913 0.346457 0.322835 0.137795
0.275591 0.248031 0.271654 0.204724
0.137795 0.145669 0.381890 0.334646
0.311024 0.259843 0.236220 0.192913
0.287402 0.118110 0.326772 0.267717
0.177165 0.259843 0.342520 0.220472

MOTIF motif_2 motif_2
letter-probability matrix: alength= 4 w= 24
0.173913 0.313043 0.284783 0.228261
0.145652 0.384783 0.250000 0.219565
0.256522 0.250000 0.269565 0.223913
0.180435 0.273913 0.356522 0.189130
0.097826 0.023913 0.530435 0.347826
0.058696 0.930435 0.002174 0.008696
0.943478 0.034783 0.008696 0.013043
0.002174 0.986957 0.002174 0.008696
0.013043 0.008696 0.973913 0.004348
0.032609 0.019565 0.050000 0.897826
0.002174 0.002174 0.930435 0.065217
0.386957 0.463043 0.030435 0.119565
0.163043 0.345652 0.332609 0.158696
0.213043 0.341304 0.217391 0.228261
0.226087 0.289130 0.286957 0.197826
0.206522 0.258696 0.295652 0.239130
0.217391 0.282609 0.304348 0.195652
0.197826 0.280435 0.336957 0.184783
0.171739 0.289130 0.315217 0.223913
0.184783 0.269565 0.319565 0.226087
0.184783 0.273913 0.347826 0.193478
0.189130 0.319565 0.254348 0.236957
0.193478 0.250000 0.297826 0.258696
0.132609 0.369565 0.313043 0.184783

MOTIF motif_10 motif_10
letter-probability matrix: alength= 4 w= 24
0.192182 0.351792 0.306189 0.149837
0.214984 0.293160 0.166124 0.325733
0.175896 0.413681 0.214984 0.195440
0.338762 0.201954 0.234528 0.224756
0.055375 0.026059 0.661238 0.257329
0.032573 0.928339 0.026059 0.013029
0.876221 0.052117 0.003257 0.068404
0.009772 0.899023 0.042345 0.048860
0.022801 0.032573 0.915309 0.029316
0.065147 0.009772 0.042345 0.882736
0.003257 0.013029 0.908795 0.074919
0.162866 0.710098 0.022801 0.104235
0.345277 0.332248 0.179153 0.143322
0.205212 0.260586 0.355049 0.179153
0.286645 0.231270 0.267101 0.214984
0.175896 0.254072 0.299674 0.270358
0.208469 0.348534 0.224756 0.218241
0.296417 0.224756 0.241042 0.237785
0.205212 0.234528 0.407166 0.153094
0.296417 0.228013 0.214984 0.260586
0.169381 0.429967 0.257329 0.143322
0.201954 0.231270 0.345277 0.221498
0.192182 0.302932 0.299674 0.205212
0.182410 0.273616 0.172638 0.371336

MOTIF motif_6 motif_6
letter-probability matrix: alength= 4 w= 24
0.212500 0.295833 0.260417 0.231250
0.210417 0.302083 0.250000 0.237500
0.250000 0.295833 0.270833 0.183333
0.183333 0.304167 0.304167 0.208333
0.175000 0.304167 0.325000 0.195833
0.147917 0.322917 0.272917 0.256250
0.239583 0.310417 0.247917 0.202083
0.210417 0.262500 0.320833 0.206250
0.116667 0.025000 0.527083 0.331250
0.054167 0.943750 0.000000 0.002083
0.941667 0.033333 0.004167 0.020833
0.000000 0.991667 0.000000 0.008333
0.006250 0.000000 0.993750 0.000000
0.025000 0.031250 0.052083 0.891667
0.002083 0.000000 0.933333 0.064583
0.314583 0.529167 0.039583 0.116667
0.183333 0.345833 0.285417 0.185417
0.193750 0.314583 0.260417 0.231250
0.235417 0.254167 0.314583 0.195833
0.193750 0.262500 0.316667 0.227083
0.222917 0.275000 0.291667 0.210417
0.227083 0.275000 0.314583 0.183333
0.202083 0.289583 0.314583 0.193750
0.235417 0.283333 0.264583 0.216667

