MEME version 4

ALPHABET= ACGT

strands: + -

MOTIF motif_1 motif_1
letter-probability matrix: alength= 4 w= 24
0.137755 0.178571 0.331633 0.352041
0.709184 0.153061 0.132653 0.005102
0.000000 0.000000 0.000000 1.000000
0.000000 0.000000 0.000000 1.000000
0.066327 0.000000 0.653061 0.280612
0.010204 0.989796 0.000000 0.000000
0.882653 0.015306 0.066327 0.035714
0.020408 0.076531 0.000000 0.903061
0.127551 0.872449 0.000000 0.000000
1.000000 0.000000 0.000000 0.000000
0.005102 0.214286 0.102041 0.678571
0.239796 0.392857 0.168367 0.198980
0.224490 0.362245 0.137755 0.275510
0.209184 0.270408 0.122449 0.397959
0.285714 0.255102 0.224490 0.234694
0.244898 0.336735 0.147959 0.270408
0.250000 0.204082 0.147959 0.397959
0.239796 0.295918 0.214286 0.250000
0.326531 0.198980 0.224490 0.250000
0.204082 0.239796 0.255102 0.301020
0.346939 0.209184 0.219388 0.224490
0.331633 0.224490 0.193878 0.250000
0.229592 0.357143 0.137755 0.275510
0.387755 0.142857 0.193878 0.275510

MOTIF motif_6 motif_6
letter-probability matrix: alength= 4 w= 24
0.310204 0.151020 0.346939 0.191837
0.257143 0.085714 0.412245 0.244898
0.628571 0.146939 0.220408 0.004082
0.000000 0.004082 0.000000 0.995918
0.000000 0.004082 0.889796 0.106122
0.881633 0.000000 0.069388 0.048980
0.000000 0.102041 0.004082 0.893878
0.004082 0.000000 0.979592 0.016327
0.297959 0.608163 0.000000 0.093878
0.991837 0.008163 0.000000 0.000000
1.000000 0.000000 0.000000 0.000000
0.028571 0.208163 0.114286 0.648980
0.383673 0.338776 0.110204 0.167347
0.212245 0.220408 0.240816 0.326531
0.195918 0.167347 0.200000 0.436735
0.261224 0.216327 0.220408 0.302041
0.285714 0.187755 0.204082 0.322449
0.236735 0.179592 0.379592 0.204082
0.261224 0.302041 0.163265 0.273469
0.416327 0.253061 0.081633 0.248980
0.546939 0.126531 0.159184 0.167347
0.314286 0.126531 0.200000 0.359184
0.355102 0.236735 0.163265 0.244898
0.326531 0.216327 0.167347 0.289796

