MEME version 4

ALPHABET= ACGT

strands: + -

MOTIF motif_1 motif_1
letter-probability matrix: alength= 4 w= 24
0.162218 0.123203 0.281314 0.433265
0.527721 0.121150 0.336756 0.014374
0.000000 0.002053 0.000000 0.997947
0.000000 0.002053 0.039014 0.958932
0.127310 0.000000 0.806982 0.065708
0.020534 0.829569 0.010267 0.139630
0.141684 0.012320 0.837782 0.008214
0.088296 0.757700 0.002053 0.151951
0.954825 0.041068 0.004107 0.000000
1.000000 0.000000 0.000000 0.000000
0.010267 0.349076 0.117043 0.523614
0.398357 0.289528 0.133470 0.178645
0.285421 0.242300 0.193018 0.279261
0.250513 0.266940 0.154004 0.328542
0.268994 0.262834 0.215606 0.252567
0.305955 0.254620 0.184805 0.254620
0.250513 0.256674 0.242300 0.250513
0.312115 0.238193 0.201232 0.248460
0.279261 0.238193 0.227926 0.254620
0.303901 0.211499 0.225873 0.258727
0.295688 0.213552 0.258727 0.232033
0.328542 0.195072 0.193018 0.283368
0.291581 0.232033 0.213552 0.262834
0.248460 0.246407 0.182752 0.322382

MOTIF motif_11 motif_11
letter-probability matrix: alength= 4 w= 24
0.218623 0.396761 0.117409 0.267206
0.461538 0.202429 0.186235 0.149798
0.364372 0.109312 0.194332 0.331984
0.259109 0.242915 0.174089 0.323887
0.376518 0.141700 0.165992 0.315789
0.242915 0.145749 0.291498 0.319838
0.360324 0.202429 0.202429 0.234818
0.271255 0.089069 0.271255 0.368421
0.153846 0.238866 0.412955 0.194332
0.206478 0.267206 0.234818 0.291498
0.242915 0.214575 0.234818 0.307692
0.404858 0.246964 0.182186 0.165992
0.218623 0.226721 0.356275 0.198381
0.149798 0.109312 0.445344 0.295547
0.153846 0.178138 0.360324 0.307692
0.651822 0.121457 0.210526 0.016194
0.028340 0.040486 0.052632 0.878543
0.020243 0.004049 0.056680 0.919028
0.076923 0.060729 0.846154 0.016194
0.121457 0.753036 0.052632 0.072874
0.048583 0.020243 0.910931 0.020243
0.076923 0.635628 0.028340 0.259109
0.870445 0.040486 0.028340 0.060729
0.838057 0.020243 0.080972 0.060729

MOTIF motif_10 motif_10
letter-probability matrix: alength= 4 w= 24
0.213904 0.267380 0.187166 0.331551
0.288770 0.203209 0.149733 0.358289
0.122995 0.358289 0.229947 0.288770
0.352941 0.208556 0.171123 0.267380
0.224599 0.267380 0.267380 0.240642
0.288770 0.101604 0.358289 0.251337
0.133690 0.085561 0.540107 0.240642
0.165775 0.144385 0.197861 0.491979
0.593583 0.085561 0.310160 0.010695
0.000000 0.021390 0.000000 0.978610
0.000000 0.005348 0.010695 0.983957
0.080214 0.000000 0.887701 0.032086
0.021390 0.839572 0.005348 0.133690
0.053476 0.010695 0.925134 0.010695
0.053476 0.759358 0.000000 0.187166
0.989305 0.010695 0.000000 0.000000
1.000000 0.000000 0.000000 0.000000
0.026738 0.368984 0.149733 0.454545
0.417112 0.336898 0.160428 0.085561
0.443850 0.171123 0.101604 0.283422
0.245989 0.251337 0.181818 0.320856
0.165775 0.203209 0.256684 0.374332
0.481283 0.240642 0.192513 0.085561
0.251337 0.256684 0.203209 0.288770

