MEME version 4

ALPHABET= ACGT

strands: + -

MOTIF motif_2 motif_2
letter-probability matrix: alength= 4 w= 24
0.384615 0.092308 0.184615 0.338462
0.753846 0.030769 0.215385 0.000000
0.400000 0.046154 0.200000 0.353846
0.215385 0.030769 0.307692 0.446154
0.046154 0.738462 0.015385 0.200000
0.830769 0.061538 0.061538 0.046154
0.907692 0.046154 0.015385 0.030769
0.276923 0.261538 0.461538 0.000000
0.723077 0.092308 0.169231 0.015385
0.000000 0.184615 0.000000 0.815385
0.230769 0.030769 0.723077 0.015385
0.046154 0.107692 0.815385 0.030769
0.815385 0.061538 0.061538 0.061538
0.076923 0.292308 0.553846 0.076923
0.000000 0.107692 0.184615 0.707692
0.046154 0.430769 0.092308 0.430769
0.184615 0.107692 0.338462 0.369231
0.015385 0.738462 0.153846 0.092308
0.000000 0.107692 0.000000 0.892308
0.076923 0.338462 0.061538 0.523077
0.338462 0.092308 0.046154 0.523077
0.046154 0.092308 0.538462 0.323077
0.000000 0.169231 0.692308 0.138462
0.076923 0.184615 0.061538 0.676923

MOTIF motif_10 motif_10
letter-probability matrix: alength= 4 w= 24
0.333333 0.090909 0.000000 0.575758
0.393939 0.151515 0.000000 0.454545
0.030303 0.000000 0.090909 0.878788
0.090909 0.030303 0.090909 0.787879
0.333333 0.606061 0.030303 0.030303
0.666667 0.333333 0.000000 0.000000
0.727273 0.272727 0.000000 0.000000
0.060606 0.424242 0.333333 0.181818
0.939394 0.060606 0.000000 0.000000
0.060606 0.000000 0.242424 0.696970
0.181818 0.151515 0.515152 0.151515
0.090909 0.242424 0.484848 0.181818
0.303030 0.515152 0.090909 0.090909
0.000000 0.303030 0.575758 0.121212
0.121212 0.060606 0.000000 0.818182
0.212121 0.393939 0.151515 0.242424
0.090909 0.212121 0.242424 0.454545
0.090909 0.606061 0.090909 0.212121
0.060606 0.333333 0.000000 0.606061
0.272727 0.393939 0.121212 0.212121
0.151515 0.212121 0.000000 0.636364
0.030303 0.181818 0.727273 0.060606
0.424242 0.060606 0.454545 0.060606
0.000000 0.090909 0.030303 0.878788

MOTIF motif_6 motif_6
letter-probability matrix: alength= 4 w= 24
0.183099 0.070423 0.718310 0.028169
0.690141 0.077465 0.197183 0.035211
0.147887 0.169014 0.450704 0.232394
0.197183 0.408451 0.049296 0.345070
0.211268 0.035211 0.507042 0.246479
0.352113 0.345070 0.232394 0.070423
0.190141 0.697183 0.014085 0.098592
0.028169 0.133803 0.316901 0.521127
0.028169 0.788732 0.028169 0.154930
0.056338 0.795775 0.021127 0.126761
0.718310 0.028169 0.133803 0.119718
0.042254 0.225352 0.091549 0.640845
0.197183 0.274648 0.232394 0.295775
0.000000 0.007042 0.035211 0.957746
0.035211 0.084507 0.084507 0.795775
0.169014 0.028169 0.598592 0.204225
0.288732 0.091549 0.330986 0.288732
0.394366 0.281690 0.154930 0.169014
0.133803 0.309859 0.070423 0.485915
0.394366 0.260563 0.190141 0.154930
0.098592 0.338028 0.373239 0.190141
0.274648 0.063380 0.429577 0.232394
0.380282 0.105634 0.309859 0.204225
0.154930 0.366197 0.345070 0.133803

