MEME version 4

ALPHABET= ACGT

strands: + -

MOTIF motif_2 motif_2
letter-probability matrix: alength= 4 w= 24
0.207317 0.321138 0.260163 0.211382
0.158537 0.349593 0.182927 0.308943
0.162602 0.146341 0.300813 0.390244
0.117886 0.162602 0.646341 0.073171
0.089431 0.666667 0.065041 0.178862
0.109756 0.597561 0.199187 0.093496
0.926829 0.016260 0.016260 0.040650
0.000000 0.975610 0.016260 0.008130
0.016260 0.020325 0.959350 0.004065
0.093496 0.048780 0.012195 0.845528
0.081301 0.195122 0.650407 0.073171
0.166667 0.028455 0.682927 0.121951
0.158537 0.642276 0.130081 0.069106
0.345528 0.313008 0.191057 0.150407
0.313008 0.272358 0.317073 0.097561
0.138211 0.264228 0.353659 0.243902
0.166667 0.373984 0.260163 0.199187
0.341463 0.239837 0.247967 0.170732
0.260163 0.288618 0.304878 0.146341
0.223577 0.243902 0.300813 0.231707
0.231707 0.321138 0.308943 0.138211
0.174797 0.313008 0.317073 0.195122
0.178862 0.292683 0.333333 0.195122
0.174797 0.382114 0.223577 0.219512

MOTIF motif_6 motif_6
letter-probability matrix: alength= 4 w= 24
0.274038 0.326923 0.264423 0.134615
0.182692 0.375000 0.201923 0.240385
0.100962 0.331731 0.360577 0.206731
0.168269 0.250000 0.403846 0.177885
0.375000 0.197115 0.379808 0.048077
0.028846 0.379808 0.375000 0.216346
0.062500 0.245192 0.163462 0.528846
0.057692 0.158654 0.451923 0.331731
0.052885 0.605769 0.134615 0.206731
0.057692 0.514423 0.177885 0.250000
0.836538 0.033654 0.067308 0.062500
0.177885 0.610577 0.134615 0.076923
0.062500 0.014423 0.879808 0.043269
0.149038 0.043269 0.004808 0.802885
0.187500 0.269231 0.475962 0.067308
0.153846 0.163462 0.528846 0.153846
0.259615 0.596154 0.019231 0.125000
0.490385 0.182692 0.225962 0.100962
0.442308 0.254808 0.201923 0.100962
0.259615 0.288462 0.225962 0.225962
0.096154 0.394231 0.288462 0.221154
0.259615 0.197115 0.274038 0.269231
0.269231 0.153846 0.394231 0.182692
0.269231 0.283654 0.278846 0.168269

