MEME version 4

ALPHABET= ACGT

strands: + -

MOTIF motif_1 motif_1
letter-probability matrix: alength= 4 w= 24
0.205696 0.341772 0.231013 0.221519
0.132911 0.325949 0.420886 0.120253
0.113924 0.272152 0.348101 0.265823
0.037975 0.575949 0.243671 0.142405
0.224684 0.117089 0.474684 0.183544
0.123418 0.645570 0.110759 0.120253
0.227848 0.306962 0.310127 0.155063
0.101266 0.294304 0.281646 0.322785
0.183544 0.310127 0.313291 0.193038
0.224684 0.351266 0.284810 0.139241
0.155063 0.272152 0.240506 0.332278
0.205696 0.180380 0.265823 0.348101
0.218354 0.250000 0.329114 0.202532
0.148734 0.199367 0.053797 0.598101
0.050633 0.186709 0.594937 0.167722
0.787975 0.025316 0.145570 0.041139
0.015823 0.813291 0.063291 0.107595
0.044304 0.012658 0.936709 0.006329
0.028481 0.085443 0.041139 0.844937
0.123418 0.759494 0.034810 0.082278
0.778481 0.028481 0.170886 0.022152
0.082278 0.354430 0.335443 0.227848
0.316456 0.291139 0.212025 0.180380
0.208861 0.227848 0.370253 0.193038

MOTIF motif_13 motif_13
letter-probability matrix: alength= 4 w= 24
0.105960 0.284768 0.238411 0.370861
0.152318 0.390728 0.304636 0.152318
0.304636 0.205298 0.245033 0.245033
0.251656 0.317881 0.291391 0.139073
0.350993 0.357616 0.178808 0.112583
0.291391 0.298013 0.119205 0.291391
0.132450 0.311258 0.291391 0.264901
0.152318 0.543046 0.238411 0.066225
0.198675 0.350993 0.271523 0.178808
0.178808 0.225166 0.364238 0.231788
0.317881 0.185430 0.185430 0.311258
0.245033 0.099338 0.629139 0.026490
0.072848 0.006623 0.000000 0.920530
0.013245 0.006623 0.980132 0.000000
0.947020 0.013245 0.013245 0.026490
0.000000 0.880795 0.039735 0.079470
0.245033 0.006623 0.642384 0.105960
0.033113 0.284768 0.132450 0.549669
0.403974 0.423841 0.066225 0.105960
0.476821 0.079470 0.211921 0.231788
0.231788 0.158940 0.298013 0.311258
0.476821 0.125828 0.218543 0.178808
0.172185 0.225166 0.509934 0.092715
0.218543 0.476821 0.086093 0.218543

MOTIF motif_11 motif_11
letter-probability matrix: alength= 4 w= 24
0.013825 0.930876 0.000000 0.055300
0.009217 0.000000 0.976959 0.013825
0.023041 0.041475 0.000000 0.935484
0.078341 0.889401 0.032258 0.000000
0.903226 0.009217 0.069124 0.018433
0.036866 0.543779 0.170507 0.248848
0.207373 0.423963 0.078341 0.290323
0.239631 0.138249 0.322581 0.299539
0.239631 0.428571 0.165899 0.165899
0.188940 0.327189 0.216590 0.267281
0.064516 0.248848 0.511521 0.175115
0.078341 0.327189 0.382488 0.211982
0.073733 0.474654 0.179724 0.271889
0.142857 0.285714 0.341014 0.230415
0.258065 0.271889 0.267281 0.202765
0.110599 0.336406 0.258065 0.294931
0.133641 0.331797 0.308756 0.225806
0.230415 0.400922 0.179724 0.188940
0.281106 0.341014 0.221198 0.156682
0.377880 0.198157 0.248848 0.175115
0.133641 0.387097 0.281106 0.198157
0.198157 0.202765 0.368664 0.230415
0.235023 0.239631 0.387097 0.138249
0.202765 0.308756 0.285714 0.202765

MOTIF motif_5 motif_5
letter-probability matrix: alength= 4 w= 24
0.042969 0.468750 0.273438 0.214844
0.265625 0.335938 0.121094 0.277344
0.078125 0.414062 0.242188 0.265625
0.316406 0.316406 0.203125 0.164062
0.136719 0.296875 0.468750 0.097656
0.425781 0.335938 0.113281 0.125000
0.382812 0.257812 0.117188 0.242188
0.437500 0.207031 0.238281 0.117188
0.175781 0.406250 0.136719 0.281250
0.308594 0.226562 0.167969 0.296875
0.292969 0.136719 0.363281 0.207031
0.437500 0.109375 0.359375 0.093750
0.019531 0.062500 0.136719 0.781250
0.007812 0.054688 0.910156 0.027344
0.828125 0.054688 0.054688 0.062500
0.015625 0.792969 0.023438 0.167969
0.058594 0.023438 0.863281 0.054688
0.097656 0.339844 0.066406 0.496094
0.207031 0.445312 0.195312 0.152344
0.457031 0.136719 0.250000 0.156250
0.066406 0.371094 0.230469 0.332031
0.117188 0.343750 0.277344 0.261719
0.281250 0.312500 0.210938 0.195312
0.132812 0.246094 0.339844 0.281250

MOTIF motif_2 motif_2
letter-probability matrix: alength= 4 w= 24
0.138810 0.161473 0.470255 0.229462
0.665722 0.033994 0.288952 0.011331
0.056657 0.883853 0.002833 0.056657
0.053824 0.005666 0.940510 0.000000
0.005666 0.070822 0.000000 0.923513
0.014164 0.855524 0.067989 0.062323
0.793201 0.022663 0.124646 0.059490
0.053824 0.376771 0.175637 0.393768
0.172805 0.314448 0.226629 0.286119
0.254958 0.212465 0.320113 0.212465
0.167139 0.351275 0.288952 0.192635
0.130312 0.317280 0.419263 0.133144
0.240793 0.240793 0.254958 0.263456
0.099150 0.351275 0.365439 0.184136
0.220963 0.215297 0.388102 0.175637
0.127479 0.348442 0.274788 0.249292
0.138810 0.212465 0.518414 0.130312
0.294618 0.308782 0.175637 0.220963
0.184136 0.436261 0.240793 0.138810
0.263456 0.260623 0.376771 0.099150
0.192635 0.189802 0.390935 0.226629
0.220963 0.348442 0.215297 0.215297
0.314448 0.220963 0.300283 0.164306
0.203966 0.382436 0.240793 0.172805

MOTIF motif_6 motif_6
letter-probability matrix: alength= 4 w= 24
0.175325 0.321429 0.211039 0.292208
0.230519 0.165584 0.340909 0.262987
0.344156 0.159091 0.402597 0.094156
0.025974 0.045455 0.009740 0.918831
0.022727 0.016234 0.912338 0.048701
0.948052 0.003247 0.045455 0.003247
0.006494 0.922078 0.000000 0.071429
0.081169 0.016234 0.896104 0.006494
0.016234 0.090909 0.006494 0.886364
0.116883 0.724026 0.116883 0.042208
0.740260 0.025974 0.146104 0.087662
0.110390 0.344156 0.207792 0.337662
0.279221 0.314935 0.217532 0.188312
0.269481 0.178571 0.366883 0.185065
0.207792 0.220779 0.318182 0.253247
0.139610 0.334416 0.288961 0.237013
0.230519 0.250000 0.324675 0.194805
0.172078 0.311688 0.295455 0.220779
0.116883 0.220779 0.441558 0.220779
0.191558 0.253247 0.318182 0.237013
0.152597 0.178571 0.457792 0.211039
0.191558 0.327922 0.250000 0.230519
0.155844 0.438312 0.256494 0.149351
0.259740 0.253247 0.311688 0.175325

