MEME version 4

ALPHABET= ACGT

strands: + -

MOTIF motif_1 motif_1
letter-probability matrix: alength= 4 w= 24
0.100917 0.302752 0.302752 0.293578
0.325688 0.178899 0.311927 0.183486
0.133028 0.330275 0.426606 0.110092
0.045872 0.490826 0.096330 0.366972
0.096330 0.036697 0.669725 0.197248
0.055046 0.848624 0.077982 0.018349
0.027523 0.940367 0.004587 0.027523
0.266055 0.646789 0.027523 0.059633
0.013761 0.655963 0.004587 0.325688
0.000000 0.995413 0.000000 0.004587
0.059633 0.045872 0.013761 0.880734
0.376147 0.059633 0.458716 0.105505
0.022936 0.256881 0.720183 0.000000
0.082569 0.174312 0.022936 0.720183
0.000000 0.004587 0.940367 0.055046
0.064220 0.022936 0.752294 0.160550
0.110092 0.550459 0.091743 0.247706
0.155963 0.495413 0.160550 0.188073
0.463303 0.096330 0.302752 0.137615
0.211009 0.288991 0.261468 0.238532
0.284404 0.206422 0.261468 0.247706
0.275229 0.188073 0.270642 0.266055
0.256881 0.247706 0.339450 0.155963
0.215596 0.133028 0.389908 0.261468

MOTIF motif_12 motif_12
letter-probability matrix: alength= 4 w= 24
0.230000 0.306667 0.200000 0.263333
0.260000 0.326667 0.183333 0.230000
0.303333 0.270000 0.256667 0.170000
0.413333 0.136667 0.263333 0.186667
0.170000 0.326667 0.303333 0.200000
0.230000 0.106667 0.286667 0.376667
0.113333 0.436667 0.300000 0.150000
0.070000 0.373333 0.073333 0.483333
0.030000 0.103333 0.803333 0.063333
0.170000 0.670000 0.103333 0.056667
0.073333 0.853333 0.033333 0.040000
0.180000 0.643333 0.070000 0.106667
0.176667 0.466667 0.086667 0.270000
0.010000 0.973333 0.013333 0.003333
0.120000 0.173333 0.006667 0.700000
0.436667 0.123333 0.343333 0.096667
0.020000 0.433333 0.540000 0.006667
0.193333 0.206667 0.220000 0.380000
0.213333 0.003333 0.666667 0.116667
0.040000 0.050000 0.856667 0.053333
0.130000 0.326667 0.336667 0.206667
0.160000 0.256667 0.396667 0.186667
0.236667 0.266667 0.393333 0.103333
0.286667 0.220000 0.256667 0.236667

MOTIF motif_9 motif_9
letter-probability matrix: alength= 4 w= 24
0.084806 0.604240 0.151943 0.159011
0.257951 0.296820 0.183746 0.261484
0.307420 0.257951 0.162544 0.272085
0.250883 0.236749 0.194346 0.318021
0.212014 0.257951 0.314488 0.215548
0.130742 0.222615 0.201413 0.445230
0.197880 0.254417 0.332155 0.215548
0.109541 0.494700 0.077739 0.318021
0.106007 0.406360 0.356890 0.130742
0.356890 0.109541 0.438163 0.095406
0.070671 0.830389 0.024735 0.074205
0.028269 0.946996 0.021201 0.003534
0.590106 0.074205 0.067138 0.268551
0.042403 0.452297 0.455830 0.049470
0.060071 0.558304 0.134276 0.247350
0.671378 0.007067 0.081272 0.240283
0.024735 0.024735 0.918728 0.031802
0.286219 0.031802 0.657244 0.024735
0.127208 0.123675 0.378092 0.371025
0.056537 0.116608 0.787986 0.038869
0.098940 0.053004 0.770318 0.077739
0.088339 0.759717 0.088339 0.063604
0.416961 0.148410 0.265018 0.169611
0.233216 0.265018 0.413428 0.088339

MOTIF motif_2 motif_2
letter-probability matrix: alength= 4 w= 24
0.256637 0.106195 0.477876 0.159292
0.110619 0.752212 0.088496 0.048673
0.070796 0.893805 0.017699 0.017699
0.553097 0.061947 0.154867 0.230088
0.048673 0.548673 0.384956 0.017699
0.141593 0.438053 0.088496 0.331858
0.889381 0.026549 0.039823 0.044248
0.000000 0.017699 0.982301 0.000000
0.362832 0.000000 0.632743 0.004425
0.070796 0.030973 0.650442 0.247788
0.000000 0.000000 0.995575 0.004425
0.030973 0.048673 0.867257 0.053097
0.123894 0.800885 0.013274 0.061947
0.402655 0.044248 0.535398 0.017699
0.057522 0.601770 0.292035 0.048673
0.159292 0.269912 0.092920 0.477876
0.292035 0.261062 0.380531 0.066372
0.159292 0.199115 0.207965 0.433628
0.221239 0.238938 0.283186 0.256637
0.185841 0.203540 0.424779 0.185841
0.300885 0.283186 0.296460 0.119469
0.230088 0.362832 0.283186 0.123894
0.172566 0.473451 0.216814 0.137168
0.278761 0.296460 0.159292 0.265487

MOTIF motif_10 motif_10
letter-probability matrix: alength= 4 w= 24
0.285141 0.112450 0.321285 0.281124
0.184739 0.092369 0.546185 0.176707
0.208835 0.349398 0.305221 0.136546
0.168675 0.192771 0.261044 0.377510
0.180723 0.481928 0.180723 0.156627
0.345382 0.293173 0.200803 0.160643
0.413655 0.261044 0.228916 0.096386
0.080321 0.369478 0.236948 0.313253
0.554217 0.044177 0.248996 0.152610
0.064257 0.253012 0.614458 0.068273
0.016064 0.542169 0.064257 0.377510
0.060241 0.040161 0.763052 0.136546
0.072289 0.867470 0.044177 0.016064
0.020080 0.915663 0.032129 0.032129
0.220884 0.614458 0.068273 0.096386
0.020080 0.634538 0.004016 0.341365
0.024096 0.879518 0.020080 0.076305
0.072289 0.124498 0.052209 0.751004
0.333333 0.152610 0.433735 0.080321
0.068273 0.313253 0.441767 0.176707
0.160643 0.204819 0.188755 0.445783
0.028112 0.012048 0.923695 0.036145
0.080321 0.184739 0.622490 0.112450
0.108434 0.510040 0.164659 0.216867

