MEME version 4

ALPHABET= ACGT

strands: + -

MOTIF motif_1 motif_1
letter-probability matrix: alength= 4 w= 24
0.263314 0.156805 0.233728 0.346154
0.340237 0.218935 0.136095 0.304734
0.257396 0.224852 0.213018 0.304734
0.239645 0.215976 0.230769 0.313609
0.284024 0.251479 0.133136 0.331361
0.337278 0.186391 0.174556 0.301775
0.278107 0.251479 0.201183 0.269231
0.263314 0.254438 0.153846 0.328402
0.346154 0.207101 0.218935 0.227811
0.355030 0.210059 0.263314 0.171598
0.171598 0.124260 0.153846 0.550296
0.355030 0.053254 0.215976 0.375740
0.973373 0.000000 0.023669 0.002959
0.000000 0.008876 0.000000 0.991124
0.008876 0.659763 0.000000 0.331361
0.396450 0.000000 0.576923 0.026627
0.991124 0.002959 0.005917 0.000000
0.000000 0.002959 0.000000 0.997041
0.473373 0.210059 0.139053 0.177515
0.532544 0.168639 0.085799 0.213018
0.218935 0.248521 0.215976 0.316568
0.210059 0.204142 0.198225 0.387574
0.355030 0.221893 0.207101 0.215976
0.298817 0.147929 0.251479 0.301775

MOTIF motif_11 motif_11
letter-probability matrix: alength= 4 w= 24
0.367412 0.188498 0.143770 0.300319
0.281150 0.134185 0.230032 0.354633
0.351438 0.086262 0.198083 0.364217
0.255591 0.198083 0.271565 0.274760
0.440895 0.261981 0.083067 0.214058
0.306709 0.150160 0.153355 0.389776
0.277955 0.178914 0.242812 0.300319
0.386581 0.121406 0.284345 0.207668
0.354633 0.191693 0.140575 0.313099
0.130990 0.230032 0.102236 0.536741
0.293930 0.175719 0.099042 0.431310
0.971246 0.009585 0.015974 0.003195
0.047923 0.019169 0.003195 0.929712
0.041534 0.341853 0.031949 0.584665
0.188498 0.000000 0.789137 0.022364
0.971246 0.009585 0.003195 0.015974
0.000000 0.035144 0.015974 0.948882
0.146965 0.466454 0.054313 0.332268
0.559105 0.134185 0.140575 0.166134
0.383387 0.146965 0.191693 0.277955
0.099042 0.121406 0.242812 0.536741
0.220447 0.258786 0.274760 0.246006
0.361022 0.150160 0.230032 0.258786
0.444089 0.127796 0.255591 0.172524

MOTIF motif_5 motif_5
letter-probability matrix: alength= 4 w= 24
0.225131 0.130890 0.162304 0.481675
0.350785 0.141361 0.094241 0.413613
0.277487 0.172775 0.157068 0.392670
0.178010 0.303665 0.240838 0.277487
0.382199 0.178010 0.141361 0.298429
0.308901 0.130890 0.188482 0.371728
0.219895 0.209424 0.267016 0.303665
0.057592 0.178010 0.136126 0.628272
0.973822 0.020942 0.000000 0.005236
0.036649 0.062827 0.031414 0.869110
0.000000 0.083770 0.000000 0.916230
0.026178 0.005236 0.968586 0.000000
0.900524 0.005236 0.052356 0.041885
0.141361 0.104712 0.005236 0.748691
0.303665 0.240838 0.041885 0.413613
0.539267 0.136126 0.167539 0.157068
0.188482 0.188482 0.162304 0.460733
0.178010 0.183246 0.293194 0.345550
0.240838 0.151832 0.193717 0.413613
0.345550 0.115183 0.219895 0.319372
0.350785 0.209424 0.099476 0.340314
0.476440 0.193717 0.073298 0.256545
0.387435 0.151832 0.387435 0.073298
0.345550 0.267016 0.115183 0.272251

MOTIF motif_9 motif_9
letter-probability matrix: alength= 4 w= 24
0.467456 0.210059 0.153846 0.168639
0.603550 0.177515 0.115385 0.103550
0.334320 0.062130 0.124260 0.479290
0.254438 0.236686 0.213018 0.295858
0.254438 0.076923 0.381657 0.286982
0.855030 0.008876 0.065089 0.071006
0.008876 0.130178 0.023669 0.837278
0.029586 0.565089 0.014793 0.390533
0.405325 0.041420 0.538462 0.014793
0.813609 0.076923 0.023669 0.085799
0.020710 0.017751 0.065089 0.896450
0.298817 0.284024 0.168639 0.248521
0.485207 0.180473 0.236686 0.097633
0.390533 0.121302 0.139053 0.349112
0.165680 0.230769 0.272189 0.331361
0.375740 0.082840 0.071006 0.470414
0.257396 0.068047 0.207101 0.467456
0.319527 0.079882 0.272189 0.328402
0.233728 0.198225 0.082840 0.485207
0.130178 0.257396 0.106509 0.505917
0.461538 0.207101 0.213018 0.118343
0.461538 0.115385 0.218935 0.204142
0.352071 0.266272 0.079882 0.301775
0.189349 0.322485 0.127219 0.360947

MOTIF motif_2 motif_2
letter-probability matrix: alength= 4 w= 24
0.400000 0.200000 0.333333 0.066667
0.066667 0.800000 0.000000 0.133333
0.066667 0.533333 0.066667 0.333333
0.466667 0.000000 0.466667 0.066667
0.000000 0.800000 0.200000 0.000000
0.200000 0.733333 0.000000 0.066667
0.866667 0.066667 0.066667 0.000000
0.000000 0.466667 0.466667 0.066667
0.200000 0.466667 0.200000 0.133333
0.000000 0.000000 0.133333 0.866667
0.133333 0.066667 0.733333 0.066667
0.066667 0.066667 0.800000 0.066667
0.000000 0.733333 0.000000 0.266667
0.333333 0.066667 0.466667 0.133333
0.066667 0.000000 0.733333 0.200000
0.133333 0.333333 0.066667 0.466667
0.666667 0.200000 0.133333 0.000000
0.400000 0.000000 0.400000 0.200000
0.333333 0.000000 0.600000 0.066667
0.266667 0.266667 0.200000 0.266667
0.333333 0.133333 0.266667 0.266667
0.066667 0.466667 0.266667 0.200000
0.133333 0.133333 0.200000 0.533333
0.200000 0.400000 0.200000 0.200000

MOTIF motif_10 motif_10
letter-probability matrix: alength= 4 w= 24
0.268382 0.106618 0.169118 0.455882
0.345588 0.154412 0.099265 0.400735
0.294118 0.165441 0.253676 0.286765
0.176471 0.224265 0.231618 0.367647
0.253676 0.356618 0.216912 0.172794
0.319853 0.099265 0.176471 0.404412
0.540441 0.047794 0.213235 0.198529
0.257353 0.227941 0.125000 0.389706
0.257353 0.341912 0.143382 0.257353
0.312500 0.143382 0.227941 0.316176
0.474265 0.194853 0.257353 0.073529
0.371324 0.088235 0.110294 0.430147
0.139706 0.393382 0.106618 0.360294
0.360294 0.257353 0.058824 0.323529
0.441176 0.143382 0.268382 0.147059
0.286765 0.345588 0.158088 0.209559
0.158088 0.176471 0.191176 0.474265
0.275735 0.047794 0.338235 0.338235
0.915441 0.058824 0.011029 0.014706
0.000000 0.007353 0.000000 0.992647
0.051471 0.702206 0.036765 0.209559
0.492647 0.029412 0.455882 0.022059
0.955882 0.018382 0.007353 0.018382
0.058824 0.073529 0.029412 0.838235

