MEME version 4

ALPHABET= ACGT

strands: + -

MOTIF motif_10 motif_10
letter-probability matrix: alength= 4 w= 24
0.167742 0.351613 0.270968 0.209677
0.270968 0.300000 0.235484 0.193548
0.219355 0.296774 0.290323 0.193548
0.164516 0.341935 0.306452 0.187097
0.177419 0.319355 0.245161 0.258065
0.296774 0.235484 0.309677 0.158065
0.274194 0.300000 0.225806 0.200000
0.225806 0.264516 0.222581 0.287097
0.293548 0.151613 0.067742 0.487097
0.080645 0.045161 0.225806 0.648387
0.070968 0.606452 0.296774 0.025806
0.003226 0.500000 0.490323 0.006452
0.000000 0.996774 0.000000 0.003226
0.000000 0.012903 0.987097 0.000000
0.006452 0.761290 0.232258 0.000000
0.003226 0.516129 0.429032 0.051613
0.541935 0.254839 0.016129 0.187097
0.429032 0.196774 0.164516 0.209677
0.325806 0.216129 0.248387 0.209677
0.200000 0.241935 0.270968 0.287097
0.177419 0.335484 0.222581 0.264516
0.222581 0.380645 0.216129 0.180645
0.245161 0.209677 0.283871 0.261290
0.238710 0.216129 0.254839 0.290323

MOTIF motif_14 motif_14
letter-probability matrix: alength= 4 w= 24
0.088757 0.272189 0.520710 0.118343
0.183432 0.414201 0.153846 0.248521
0.201183 0.337278 0.272189 0.189349
0.171598 0.201183 0.337278 0.289941
0.118343 0.508876 0.284024 0.088757
0.041420 0.390533 0.426036 0.142012
0.118343 0.230769 0.218935 0.431953
0.124260 0.349112 0.295858 0.230769
0.254438 0.076923 0.289941 0.378698
0.071006 0.289941 0.278107 0.360947
0.029586 0.071006 0.017751 0.881657
0.047337 0.153846 0.017751 0.781065
0.029586 0.816568 0.065089 0.088757
0.041420 0.792899 0.130178 0.035503
0.065089 0.739645 0.047337 0.147929
0.082840 0.065089 0.786982 0.065089
0.076923 0.828402 0.065089 0.029586
0.047337 0.704142 0.041420 0.207101
0.266272 0.360947 0.118343 0.254438
0.082840 0.272189 0.112426 0.532544
0.142012 0.236686 0.218935 0.402367
0.106509 0.455621 0.201183 0.236686
0.272189 0.272189 0.183432 0.272189
0.171598 0.579882 0.183432 0.065089

