MEME version 4

ALPHABET= ACGT

strands: + -

MOTIF motif_8 motif_8
letter-probability matrix: alength= 4 w= 24
0.086420 0.617284 0.259259 0.037037
0.037037 0.370370 0.148148 0.444444
0.061728 0.444444 0.111111 0.382716
0.000000 0.469136 0.160494 0.370370
0.024691 0.444444 0.358025 0.172840
0.259259 0.345679 0.135802 0.259259
0.172840 0.419753 0.222222 0.185185
0.432099 0.395062 0.037037 0.135802
0.271605 0.222222 0.185185 0.320988
0.172840 0.246914 0.111111 0.469136
0.320988 0.419753 0.246914 0.012346
0.320988 0.111111 0.234568 0.333333
0.222222 0.234568 0.234568 0.308642
0.283951 0.197531 0.123457 0.395062
0.185185 0.209877 0.493827 0.111111
0.135802 0.222222 0.432099 0.209877
0.061728 0.024691 0.098765 0.814815
0.061728 0.222222 0.000000 0.716049
0.074074 0.864198 0.012346 0.049383
0.024691 0.814815 0.049383 0.111111
0.098765 0.740741 0.148148 0.012346
0.234568 0.049383 0.716049 0.000000
0.197531 0.617284 0.098765 0.086420
0.086420 0.395062 0.370370 0.148148

MOTIF motif_2 motif_2
letter-probability matrix: alength= 4 w= 24
0.170213 0.000000 0.680851 0.148936
0.021277 0.723404 0.234043 0.021277
0.127660 0.063830 0.787234 0.021277
0.170213 0.234043 0.574468 0.021277
0.170213 0.021277 0.744681 0.063830
0.893617 0.021277 0.000000 0.085106
0.808511 0.021277 0.170213 0.000000
0.744681 0.212766 0.042553 0.000000
0.404255 0.127660 0.276596 0.191489
0.170213 0.085106 0.297872 0.446809
0.021277 0.042553 0.765957 0.170213
0.510638 0.255319 0.170213 0.063830
0.446809 0.255319 0.191489 0.106383
0.170213 0.425532 0.340426 0.063830
0.382979 0.085106 0.170213 0.361702
0.212766 0.042553 0.446809 0.297872
0.212766 0.319149 0.255319 0.212766
0.106383 0.382979 0.000000 0.510638
0.042553 0.255319 0.234043 0.468085
0.297872 0.319149 0.127660 0.255319
0.446809 0.255319 0.085106 0.212766
0.276596 0.148936 0.382979 0.191489
0.148936 0.319149 0.106383 0.425532
0.170213 0.255319 0.276596 0.297872

