MEME version 4

ALPHABET= ACGT

strands: + -

MOTIF motif_1 motif_1
letter-probability matrix: alength= 4 w= 24
0.158798 0.300429 0.347639 0.193133
0.218884 0.231760 0.360515 0.188841
0.171674 0.296137 0.356223 0.175966
0.141631 0.291845 0.296137 0.270386
0.145923 0.240343 0.309013 0.304721
0.171674 0.180258 0.437768 0.210300
0.115880 0.231760 0.450644 0.201717
0.227468 0.231760 0.407725 0.133047
0.184549 0.167382 0.472103 0.175966
0.240343 0.180258 0.429185 0.150215
0.206009 0.223176 0.364807 0.206009
0.184549 0.158798 0.515021 0.141631
0.206009 0.210300 0.347639 0.236052
0.244635 0.193133 0.407725 0.154506
0.175966 0.077253 0.287554 0.459227
0.090129 0.060086 0.845494 0.004292
0.094421 0.652361 0.051502 0.201717
0.000000 0.000000 1.000000 0.000000
0.004292 0.004292 0.274678 0.716738
0.077253 0.000000 0.922747 0.000000
0.000000 0.000000 1.000000 0.000000
0.000000 0.000000 0.995708 0.004292
0.124464 0.545064 0.000000 0.330472
0.004292 0.008584 0.974249 0.012876

MOTIF motif_8 motif_8
letter-probability matrix: alength= 4 w= 24
0.000000 0.173913 0.652174 0.173913
0.130435 0.043478 0.173913 0.652174
0.000000 0.739130 0.173913 0.086957
0.434783 0.304348 0.043478 0.217391
0.173913 0.043478 0.043478 0.739130
0.173913 0.260870 0.304348 0.260870
0.043478 0.434783 0.260870 0.260870
0.043478 0.434783 0.347826 0.173913
0.130435 0.043478 0.000000 0.826087
0.260870 0.217391 0.521739 0.000000
0.217391 0.043478 0.565217 0.173913
0.086957 0.000000 0.826087 0.086957
0.434783 0.173913 0.347826 0.043478
0.217391 0.434783 0.347826 0.000000
0.130435 0.304348 0.347826 0.217391
0.260870 0.130435 0.347826 0.260870
0.391304 0.086957 0.043478 0.478261
0.565217 0.086957 0.347826 0.000000
0.217391 0.043478 0.043478 0.695652
0.000000 0.434783 0.434783 0.130435
0.086957 0.043478 0.043478 0.826087
0.000000 0.304348 0.521739 0.173913
0.086957 0.434783 0.391304 0.086957
0.130435 0.086957 0.521739 0.260870

MOTIF motif_6 motif_6
letter-probability matrix: alength= 4 w= 24
0.231760 0.377682 0.184549 0.206009
0.111588 0.510730 0.184549 0.193133
0.343348 0.304721 0.128755 0.223176
0.158798 0.347639 0.171674 0.321888
0.287554 0.660944 0.021459 0.030043
0.021459 0.965665 0.004292 0.008584
0.403433 0.000000 0.523605 0.072961
0.000000 1.000000 0.000000 0.000000
0.008584 0.991416 0.000000 0.000000
0.000000 0.965665 0.000000 0.034335
0.695279 0.287554 0.017167 0.000000
0.000000 1.000000 0.000000 0.000000
0.197425 0.072961 0.652361 0.077253
0.000000 0.901288 0.017167 0.081545
0.540773 0.227468 0.064378 0.167382
0.145923 0.420601 0.197425 0.236052
0.236052 0.351931 0.184549 0.227468
0.115880 0.519313 0.167382 0.197425
0.206009 0.416309 0.214592 0.163090
0.111588 0.450644 0.175966 0.261803
0.248927 0.347639 0.206009 0.197425
0.197425 0.510730 0.103004 0.188841
0.253219 0.351931 0.214592 0.180258
0.175966 0.407725 0.248927 0.167382

