MEME version 4

ALPHABET= ACGT

strands: + -

MOTIF motif_1 motif_1
letter-probability matrix: alength= 4 w= 24
0.292553 0.180851 0.462766 0.063830
0.531915 0.111702 0.276596 0.079787
0.585106 0.101064 0.127660 0.186170
0.175532 0.569149 0.132979 0.122340
0.021277 0.835106 0.138298 0.005319
0.340426 0.659574 0.000000 0.000000
0.000000 0.000000 1.000000 0.000000
0.000000 0.000000 1.000000 0.000000
1.000000 0.000000 0.000000 0.000000
0.994681 0.000000 0.000000 0.005319
0.053191 0.005319 0.941489 0.000000
0.164894 0.218085 0.031915 0.585106
0.196809 0.138298 0.606383 0.058511
0.164894 0.308511 0.446809 0.079787
0.175532 0.345745 0.351064 0.127660
0.244681 0.212766 0.303191 0.239362
0.111702 0.287234 0.446809 0.154255
0.223404 0.319149 0.276596 0.180851
0.175532 0.244681 0.430851 0.148936
0.207447 0.196809 0.457447 0.138298
0.186170 0.287234 0.340426 0.186170
0.234043 0.228723 0.356383 0.180851
0.239362 0.345745 0.250000 0.164894
0.159574 0.377660 0.281915 0.180851

MOTIF motif_13 motif_13
letter-probability matrix: alength= 4 w= 24
0.139896 0.336788 0.326425 0.196891
0.072539 0.481865 0.300518 0.145078
0.098446 0.595855 0.165803 0.139896
0.626943 0.015544 0.284974 0.072539
0.000000 0.922280 0.025907 0.051813
0.005181 0.000000 0.000000 0.994819
0.000000 0.000000 0.000000 1.000000
0.000000 0.994819 0.005181 0.000000
0.000000 1.000000 0.000000 0.000000
0.000000 0.010363 0.715026 0.274611
0.005181 0.238342 0.730570 0.025907
0.103627 0.139896 0.549223 0.207254
0.222798 0.088083 0.062176 0.626943
0.191710 0.227979 0.165803 0.414508
0.113990 0.414508 0.212435 0.259067
0.134715 0.321244 0.357513 0.186528
0.119171 0.295337 0.316062 0.269430
0.134715 0.336788 0.357513 0.170984
0.150259 0.310881 0.279793 0.259067
0.134715 0.341969 0.367876 0.155440
0.170984 0.336788 0.331606 0.160622
0.165803 0.414508 0.279793 0.139896
0.186528 0.290155 0.284974 0.238342
0.176166 0.352332 0.264249 0.207254

MOTIF motif_11 motif_11
letter-probability matrix: alength= 4 w= 24
0.196429 0.178571 0.491071 0.133929
0.214286 0.178571 0.437500 0.169643
0.357143 0.142857 0.437500 0.062500
0.330357 0.473214 0.125000 0.071429
0.107143 0.151786 0.258929 0.482143
0.178571 0.285714 0.250000 0.285714
0.062500 0.562500 0.196429 0.178571
0.580357 0.035714 0.223214 0.160714
0.035714 0.678571 0.142857 0.142857
0.008929 0.116071 0.008929 0.866071
0.000000 0.044643 0.017857 0.937500
0.026786 0.830357 0.035714 0.107143
0.008929 0.839286 0.133929 0.017857
0.008929 0.098214 0.660714 0.232143
0.125000 0.321429 0.517857 0.035714
0.089286 0.071429 0.508929 0.330357
0.107143 0.276786 0.053571 0.562500
0.196429 0.267857 0.053571 0.482143
0.044643 0.571429 0.205357 0.178571
0.205357 0.303571 0.330357 0.160714
0.035714 0.580357 0.232143 0.151786
0.044643 0.598214 0.223214 0.133929
0.098214 0.250000 0.151786 0.500000
0.053571 0.571429 0.223214 0.151786

