MEME version 4

ALPHABET= ACGT

strands: + -

MOTIF motif_1 motif_1
letter-probability matrix: alength= 4 w= 24
0.661458 0.026042 0.218750 0.093750
0.093750 0.828125 0.005208 0.072917
0.000000 0.000000 0.020833 0.979167
0.000000 0.000000 0.005208 0.994792
0.005208 0.911458 0.083333 0.000000
0.000000 0.994792 0.000000 0.005208
0.000000 0.020833 0.619792 0.359375
0.031250 0.130208 0.802083 0.036458
0.192708 0.140625 0.458333 0.208333
0.177083 0.119792 0.067708 0.635417
0.166667 0.125000 0.088542 0.619792
0.119792 0.265625 0.260417 0.354167
0.114583 0.302083 0.255208 0.328125
0.161458 0.265625 0.307292 0.265625
0.145833 0.333333 0.218750 0.302083
0.119792 0.369792 0.234375 0.276042
0.260417 0.244792 0.312500 0.182292
0.135417 0.302083 0.281250 0.281250
0.192708 0.223958 0.286458 0.296875
0.270833 0.192708 0.260417 0.276042
0.182292 0.359375 0.208333 0.250000
0.255208 0.208333 0.177083 0.359375
0.213542 0.229167 0.265625 0.291667
0.187500 0.302083 0.223958 0.286458

MOTIF motif_11 motif_11
letter-probability matrix: alength= 4 w= 24
0.330049 0.344828 0.216749 0.108374
0.073892 0.359606 0.408867 0.157635
0.226601 0.231527 0.403941 0.137931
0.167488 0.482759 0.187192 0.162562
0.142857 0.266010 0.334975 0.256158
0.157635 0.241379 0.280788 0.320197
0.152709 0.394089 0.088670 0.364532
0.334975 0.162562 0.403941 0.098522
0.064039 0.610837 0.128079 0.197044
0.039409 0.034483 0.059113 0.866995
0.034483 0.039409 0.103448 0.822660
0.049261 0.852217 0.014778 0.083744
0.024631 0.807882 0.029557 0.137931
0.167488 0.024631 0.492611 0.315271
0.083744 0.275862 0.581281 0.059113
0.123153 0.236453 0.497537 0.142857
0.133005 0.054187 0.054187 0.758621
0.068966 0.172414 0.118227 0.640394
0.064039 0.477833 0.157635 0.300493
0.147783 0.231527 0.389163 0.231527
0.073892 0.236453 0.177340 0.512315
0.133005 0.182266 0.266010 0.418719
0.059113 0.270936 0.349754 0.320197
0.093596 0.438424 0.295567 0.172414

MOTIF motif_5 motif_5
letter-probability matrix: alength= 4 w= 24
0.234450 0.339713 0.167464 0.258373
0.306220 0.172249 0.354067 0.167464
0.119617 0.258373 0.483254 0.138756
0.224880 0.354067 0.296651 0.124402
0.258373 0.244019 0.363636 0.133971
0.574163 0.157895 0.220096 0.047847
0.645933 0.114833 0.124402 0.114833
0.588517 0.062201 0.043062 0.306220
0.248804 0.401914 0.105263 0.244019
0.038278 0.870813 0.076555 0.014354
0.272727 0.607656 0.023923 0.095694
0.028708 0.014354 0.952153 0.004785
0.014354 0.157895 0.799043 0.028708
0.808612 0.043062 0.138756 0.009569
0.928230 0.000000 0.028708 0.043062
0.086124 0.047847 0.665072 0.200957
0.129187 0.143541 0.090909 0.636364
0.263158 0.191388 0.368421 0.177033
0.210526 0.349282 0.334928 0.105263
0.110048 0.272727 0.248804 0.368421
0.272727 0.162679 0.143541 0.421053
0.081340 0.114833 0.521531 0.282297
0.153110 0.186603 0.234450 0.425837
0.267943 0.224880 0.382775 0.124402

MOTIF motif_2 motif_2
letter-probability matrix: alength= 4 w= 24
0.265152 0.257576 0.295455 0.181818
0.151515 0.393939 0.196970 0.257576
0.265152 0.287879 0.287879 0.159091
0.234848 0.242424 0.310606 0.212121
0.272727 0.189394 0.386364 0.151515
0.636364 0.090909 0.196970 0.075758
0.750000 0.060606 0.045455 0.143939
0.181818 0.507576 0.166667 0.143939
0.053030 0.689394 0.151515 0.106061
0.439394 0.522727 0.030303 0.007576
0.000000 0.000000 0.992424 0.007576
0.000000 0.007576 0.992424 0.000000
1.000000 0.000000 0.000000 0.000000
1.000000 0.000000 0.000000 0.000000
0.053030 0.000000 0.946970 0.000000
0.083333 0.159091 0.015152 0.742424
0.151515 0.212121 0.560606 0.075758
0.325758 0.257576 0.340909 0.075758
0.287879 0.318182 0.280303 0.113636
0.272727 0.219697 0.272727 0.234848
0.219697 0.181818 0.348485 0.250000
0.250000 0.295455 0.303030 0.151515
0.257576 0.234848 0.257576 0.250000
0.227273 0.295455 0.280303 0.196970

