MEME version 4

ALPHABET= ACGT

strands: + -

MOTIF motif_1 motif_1
letter-probability matrix: alength= 4 w= 24
0.393617 0.138298 0.148936 0.319149
0.382979 0.202128 0.106383 0.308511
0.244681 0.170213 0.351064 0.234043
0.265957 0.085106 0.031915 0.617021
0.106383 0.074468 0.468085 0.351064
0.521277 0.255319 0.106383 0.117021
0.021277 0.978723 0.000000 0.000000
0.031915 0.936170 0.000000 0.031915
0.542553 0.180851 0.021277 0.255319
0.138298 0.010638 0.021277 0.829787
0.893617 0.000000 0.021277 0.085106
0.063830 0.010638 0.021277 0.904255
0.872340 0.000000 0.000000 0.127660
0.244681 0.021277 0.117021 0.617021
0.042553 0.000000 0.957447 0.000000
0.000000 0.000000 0.989362 0.010638
0.180851 0.159574 0.202128 0.457447
0.351064 0.617021 0.021277 0.010638
0.531915 0.106383 0.106383 0.255319
0.287234 0.329787 0.170213 0.212766
0.500000 0.063830 0.159574 0.276596
0.308511 0.191489 0.255319 0.244681
0.351064 0.329787 0.202128 0.117021
0.244681 0.308511 0.340426 0.106383

MOTIF motif_13 motif_13
letter-probability matrix: alength= 4 w= 24
0.400000 0.357143 0.014286 0.228571
0.171429 0.114286 0.600000 0.114286
0.114286 0.400000 0.314286 0.171429
0.328571 0.400000 0.228571 0.042857
0.571429 0.114286 0.285714 0.028571
0.028571 0.657143 0.071429 0.242857
0.042857 0.085714 0.014286 0.857143
0.042857 0.071429 0.057143 0.828571
0.128571 0.785714 0.000000 0.085714
0.042857 0.728571 0.171429 0.057143
0.014286 0.000000 0.985714 0.000000
0.014286 0.157143 0.785714 0.042857
0.028571 0.342857 0.042857 0.585714
0.228571 0.357143 0.057143 0.357143
0.257143 0.342857 0.314286 0.085714
0.157143 0.328571 0.142857 0.371429
0.085714 0.500000 0.214286 0.200000
0.142857 0.271429 0.314286 0.271429
0.114286 0.485714 0.371429 0.028571
0.157143 0.471429 0.214286 0.157143
0.185714 0.557143 0.128571 0.128571
0.157143 0.357143 0.171429 0.314286
0.400000 0.085714 0.171429 0.342857
0.071429 0.157143 0.528571 0.242857

MOTIF motif_8 motif_8
letter-probability matrix: alength= 4 w= 24
0.296875 0.140625 0.328125 0.234375
0.265625 0.031250 0.640625 0.062500
0.109375 0.625000 0.062500 0.203125
0.171875 0.156250 0.296875 0.375000
0.062500 0.140625 0.578125 0.218750
0.093750 0.203125 0.656250 0.046875
0.093750 0.390625 0.281250 0.234375
0.421875 0.046875 0.328125 0.203125
0.234375 0.484375 0.062500 0.218750
0.234375 0.468750 0.203125 0.093750
0.125000 0.390625 0.296875 0.187500
0.078125 0.609375 0.062500 0.250000
0.203125 0.250000 0.421875 0.125000
0.171875 0.281250 0.281250 0.265625
0.078125 0.031250 0.453125 0.437500
0.015625 0.781250 0.046875 0.156250
0.031250 0.140625 0.203125 0.625000
0.078125 0.031250 0.421875 0.468750
0.015625 0.812500 0.062500 0.109375
0.000000 0.843750 0.031250 0.125000
0.031250 0.343750 0.484375 0.140625
0.171875 0.156250 0.609375 0.062500
0.343750 0.468750 0.015625 0.171875
0.234375 0.046875 0.281250 0.437500

MOTIF motif_5 motif_5
letter-probability matrix: alength= 4 w= 24
0.307692 0.284615 0.200000 0.207692
0.246154 0.153846 0.400000 0.200000
0.153846 0.092308 0.492308 0.261538
0.184615 0.307692 0.253846 0.253846
0.153846 0.238462 0.400000 0.207692
0.276923 0.215385 0.253846 0.253846
0.300000 0.392308 0.176923 0.130769
0.346154 0.123077 0.261538 0.269231
0.315385 0.169231 0.230769 0.284615
0.015385 0.869231 0.084615 0.030769
0.176923 0.661538 0.092308 0.069231
0.007692 0.000000 0.984615 0.007692
0.046154 0.046154 0.761538 0.146154
0.715385 0.015385 0.130769 0.138462
0.869231 0.046154 0.023077 0.061538
0.046154 0.138462 0.800000 0.015385
0.053846 0.238462 0.107692 0.600000
0.100000 0.346154 0.384615 0.169231
0.323077 0.130769 0.207692 0.338462
0.169231 0.138462 0.553846 0.138462
0.153846 0.253846 0.346154 0.246154
0.038462 0.353846 0.392308 0.215385
0.246154 0.261538 0.238462 0.253846
0.238462 0.446154 0.223077 0.092308

