MEME version 4

ALPHABET= ACGT

strands: + -

MOTIF motif_1 motif_1
letter-probability matrix: alength= 4 w= 24
0.156863 0.470588 0.137255 0.235294
0.228758 0.196078 0.163399 0.411765
0.228758 0.281046 0.431373 0.058824
0.124183 0.189542 0.228758 0.457516
0.215686 0.071895 0.529412 0.183007
0.000000 0.000000 0.000000 1.000000
0.013072 0.013072 0.973856 0.000000
0.967320 0.006536 0.006536 0.019608
0.006536 0.993464 0.000000 0.000000
0.000000 0.980392 0.000000 0.019608
0.000000 0.013072 0.000000 0.986928
0.000000 0.013072 0.000000 0.986928
0.032680 0.111111 0.836601 0.019608
0.509804 0.019608 0.444444 0.026144
0.235294 0.169935 0.555556 0.039216
0.241830 0.490196 0.163399 0.104575
0.516340 0.117647 0.117647 0.248366
0.366013 0.104575 0.313725 0.215686
0.254902 0.150327 0.437908 0.156863
0.143791 0.333333 0.111111 0.411765
0.143791 0.450980 0.163399 0.241830
0.392157 0.215686 0.150327 0.241830
0.183007 0.294118 0.117647 0.405229
0.084967 0.248366 0.169935 0.496732

MOTIF motif_11 motif_11
letter-probability matrix: alength= 4 w= 24
0.135135 0.254054 0.200000 0.410811
0.167568 0.216216 0.410811 0.205405
0.118919 0.372973 0.189189 0.318919
0.043243 0.286486 0.151351 0.518919
0.054054 0.816216 0.129730 0.000000
0.983784 0.000000 0.016216 0.000000
1.000000 0.000000 0.000000 0.000000
0.000000 0.005405 0.994595 0.000000
0.000000 0.000000 1.000000 0.000000
0.037838 0.010811 0.016216 0.935135
0.000000 0.983784 0.000000 0.016216
0.951351 0.000000 0.010811 0.037838
0.216216 0.437838 0.081081 0.264865
0.416216 0.248649 0.183784 0.151351
0.259459 0.286486 0.221622 0.232432
0.324324 0.145946 0.259459 0.270270
0.183784 0.216216 0.470270 0.129730
0.264865 0.356757 0.189189 0.189189
0.237838 0.275676 0.183784 0.302703
0.340541 0.129730 0.345946 0.183784
0.167568 0.189189 0.372973 0.270270
0.210811 0.248649 0.227027 0.313514
0.313514 0.232432 0.248649 0.205405
0.367568 0.221622 0.221622 0.189189

MOTIF motif_5 motif_5
letter-probability matrix: alength= 4 w= 24
0.168067 0.630252 0.100840 0.100840
0.075630 0.100840 0.025210 0.798319
0.058824 0.554622 0.159664 0.226891
0.689076 0.126050 0.117647 0.067227
0.201681 0.058824 0.403361 0.336134
0.042017 0.260504 0.016807 0.680672
0.294118 0.092437 0.134454 0.478992
0.042017 0.042017 0.050420 0.865546
0.084034 0.537815 0.109244 0.268908
0.016807 0.798319 0.033613 0.151261
0.016807 0.546218 0.000000 0.436975
0.025210 0.873950 0.016807 0.084034
0.873950 0.050420 0.042017 0.033613
0.008403 0.084034 0.008403 0.899160
0.008403 0.579832 0.016807 0.394958
0.008403 0.008403 0.042017 0.941176
0.050420 0.134454 0.537815 0.277311
0.361345 0.084034 0.058824 0.495798
0.529412 0.285714 0.109244 0.075630
0.848739 0.084034 0.042017 0.025210
0.630252 0.008403 0.361345 0.000000
0.789916 0.092437 0.092437 0.025210
0.016807 0.033613 0.050420 0.899160
0.016807 0.050420 0.915966 0.016807

MOTIF motif_2 motif_2
letter-probability matrix: alength= 4 w= 24
0.193694 0.229730 0.193694 0.382883
0.153153 0.234234 0.360360 0.252252
0.117117 0.301802 0.243243 0.337838
0.022523 0.265766 0.099099 0.612613
0.067568 0.729730 0.112613 0.090090
0.860360 0.022523 0.054054 0.063063
0.837838 0.027027 0.126126 0.009009
0.108108 0.004505 0.864865 0.022523
0.013514 0.022523 0.945946 0.018018
0.004505 0.000000 0.000000 0.995495
0.004505 0.756757 0.234234 0.004505
0.950450 0.004505 0.013514 0.031532
0.099099 0.671171 0.045045 0.184685
0.261261 0.441441 0.144144 0.153153
0.126126 0.220721 0.180180 0.472973
0.252252 0.225225 0.139640 0.382883
0.130631 0.112613 0.572072 0.184685
0.283784 0.247748 0.310811 0.157658
0.270270 0.247748 0.229730 0.252252
0.270270 0.247748 0.301802 0.180180
0.243243 0.162162 0.364865 0.229730
0.225225 0.144144 0.279279 0.351351
0.256757 0.256757 0.301802 0.184685
0.310811 0.247748 0.211712 0.229730

MOTIF motif_10 motif_10
letter-probability matrix: alength= 4 w= 24
0.163636 0.172727 0.545455 0.118182
0.154545 0.263636 0.190909 0.390909
0.327273 0.309091 0.236364 0.127273
0.181818 0.190909 0.090909 0.536364
0.072727 0.327273 0.081818 0.518182
0.600000 0.081818 0.190909 0.127273
0.218182 0.163636 0.190909 0.427273
0.045455 0.290909 0.027273 0.636364
0.472727 0.054545 0.218182 0.254545
0.072727 0.127273 0.072727 0.727273
0.190909 0.490909 0.136364 0.181818
0.027273 0.918182 0.000000 0.054545
0.045455 0.836364 0.000000 0.118182
0.009091 0.890909 0.000000 0.100000
0.918182 0.018182 0.018182 0.045455
0.009091 0.163636 0.009091 0.818182
0.054545 0.227273 0.009091 0.709091
0.072727 0.045455 0.036364 0.845455
0.018182 0.136364 0.218182 0.627273
0.681818 0.018182 0.145455 0.154545
0.163636 0.509091 0.100000 0.227273
0.918182 0.018182 0.054545 0.009091
0.218182 0.027273 0.718182 0.036364
0.936364 0.018182 0.018182 0.027273

