MEME version 4

ALPHABET= ACGT

strands: + -

MOTIF motif_1 motif_1
letter-probability matrix: alength= 4 w= 24
0.133333 0.800000 0.000000 0.066667
0.355556 0.022222 0.444444 0.177778
0.288889 0.155556 0.488889 0.066667
0.088889 0.022222 0.600000 0.288889
0.000000 0.000000 1.000000 0.000000
0.133333 0.644444 0.133333 0.088889
0.555556 0.311111 0.111111 0.022222
0.000000 0.155556 0.133333 0.711111
0.022222 0.222222 0.444444 0.311111
0.133333 0.688889 0.111111 0.066667
0.000000 0.044444 0.022222 0.933333
0.000000 0.000000 0.955556 0.044444
0.000000 0.066667 0.933333 0.000000
0.044444 0.000000 0.866667 0.088889
0.800000 0.088889 0.022222 0.088889
0.288889 0.222222 0.400000 0.088889
0.266667 0.088889 0.044444 0.600000
0.000000 0.000000 0.000000 1.000000
0.022222 0.022222 0.911111 0.044444
0.044444 0.044444 0.000000 0.911111
0.977778 0.000000 0.022222 0.000000
0.022222 0.000000 0.977778 0.000000
0.000000 0.000000 0.066667 0.933333
0.000000 0.355556 0.066667 0.577778

MOTIF motif_8 motif_8
letter-probability matrix: alength= 4 w= 24
0.000000 0.947368 0.000000 0.052632
0.000000 0.000000 0.000000 1.000000
1.000000 0.000000 0.000000 0.000000
0.000000 1.000000 0.000000 0.000000
0.947368 0.052632 0.000000 0.000000
0.684211 0.000000 0.157895 0.157895
0.105263 0.157895 0.210526 0.526316
0.000000 0.052632 0.052632 0.894737
0.000000 0.947368 0.000000 0.052632
0.000000 1.000000 0.000000 0.000000
0.000000 1.000000 0.000000 0.000000
0.894737 0.000000 0.105263 0.000000
0.105263 0.052632 0.631579 0.210526
0.315789 0.315789 0.315789 0.052632
0.842105 0.000000 0.157895 0.000000
0.105263 0.000000 0.736842 0.157895
0.105263 0.210526 0.578947 0.105263
0.052632 0.789474 0.052632 0.105263
0.263158 0.421053 0.105263 0.210526
0.000000 0.684211 0.157895 0.157895
0.000000 0.684211 0.000000 0.315789
0.000000 0.000000 1.000000 0.000000
0.052632 0.736842 0.157895 0.052632
0.315789 0.000000 0.578947 0.105263

MOTIF motif_2 motif_2
letter-probability matrix: alength= 4 w= 24
0.055556 0.111111 0.722222 0.111111
0.722222 0.277778 0.000000 0.000000
0.166667 0.055556 0.222222 0.555556
0.222222 0.055556 0.722222 0.000000
0.111111 0.111111 0.777778 0.000000
0.166667 0.222222 0.555556 0.055556
0.722222 0.111111 0.055556 0.111111
0.333333 0.333333 0.222222 0.111111
0.555556 0.000000 0.111111 0.333333
0.111111 0.277778 0.000000 0.611111
0.000000 0.000000 0.888889 0.111111
0.055556 0.166667 0.222222 0.555556
0.611111 0.333333 0.000000 0.055556
0.000000 0.222222 0.722222 0.055556
0.000000 0.000000 0.000000 1.000000
0.055556 0.277778 0.055556 0.611111
0.000000 0.888889 0.000000 0.111111
0.055556 0.388889 0.388889 0.166667
0.055556 0.500000 0.277778 0.166667
0.000000 0.611111 0.111111 0.277778
0.500000 0.333333 0.055556 0.111111
0.000000 0.388889 0.555556 0.055556
0.222222 0.388889 0.333333 0.055556
0.055556 0.611111 0.333333 0.000000

