MEME version 4

ALPHABET= ACGT

strands: + -

MOTIF motif_13 motif_13
letter-probability matrix: alength= 4 w= 24
0.221239 0.225664 0.287611 0.265487
0.207965 0.172566 0.358407 0.261062
0.367257 0.283186 0.230088 0.119469
0.238938 0.327434 0.203540 0.230088
0.300885 0.287611 0.261062 0.150442
0.305310 0.283186 0.230088 0.181416
0.203540 0.234513 0.398230 0.163717
0.513274 0.035398 0.234513 0.216814
0.044248 0.862832 0.061947 0.030973
0.283186 0.712389 0.004425 0.000000
0.013274 0.000000 0.982301 0.004425
0.000000 0.004425 0.995575 0.000000
0.969027 0.013274 0.013274 0.004425
0.752212 0.017699 0.039823 0.190265
0.230088 0.048673 0.721239 0.000000
0.088496 0.345133 0.159292 0.407080
0.314159 0.172566 0.349558 0.163717
0.398230 0.084071 0.358407 0.159292
0.247788 0.300885 0.283186 0.168142
0.283186 0.238938 0.230088 0.247788
0.194690 0.225664 0.380531 0.199115
0.305310 0.234513 0.243363 0.216814
0.274336 0.265487 0.221239 0.238938
0.274336 0.225664 0.252212 0.247788

MOTIF motif_11 motif_11
letter-probability matrix: alength= 4 w= 24
0.263158 0.368421 0.200957 0.167464
0.181818 0.306220 0.157895 0.354067
0.306220 0.296651 0.186603 0.210526
0.229665 0.334928 0.114833 0.320574
0.177033 0.416268 0.267943 0.138756
0.253589 0.263158 0.153110 0.330144
0.153110 0.296651 0.258373 0.291866
0.502392 0.148325 0.244019 0.105263
0.033493 0.617225 0.086124 0.263158
0.081340 0.019139 0.019139 0.880383
0.004785 0.009569 0.009569 0.976077
0.009569 0.966507 0.004785 0.019139
0.000000 1.000000 0.000000 0.000000
0.000000 0.004785 0.526316 0.468900
0.014354 0.095694 0.846890 0.043062
0.205742 0.220096 0.086124 0.488038
0.124402 0.454545 0.181818 0.239234
0.220096 0.196172 0.296651 0.287081
0.210526 0.263158 0.287081 0.239234
0.162679 0.224880 0.411483 0.200957
0.200957 0.306220 0.196172 0.296651
0.277512 0.330144 0.248804 0.143541
0.258373 0.277512 0.215311 0.248804
0.186603 0.311005 0.229665 0.272727

MOTIF motif_5 motif_5
letter-probability matrix: alength= 4 w= 24
0.322034 0.152542 0.175141 0.350282
0.242938 0.203390 0.293785 0.259887
0.214689 0.276836 0.338983 0.169492
0.141243 0.457627 0.141243 0.259887
0.180791 0.423729 0.169492 0.225989
0.587571 0.124294 0.186441 0.101695
0.022599 0.785311 0.096045 0.096045
0.192090 0.005650 0.016949 0.785311
0.016949 0.028249 0.028249 0.926554
0.000000 0.988701 0.005650 0.005650
0.039548 0.949153 0.000000 0.011299
0.011299 0.000000 0.418079 0.570621
0.016949 0.067797 0.875706 0.039548
0.163842 0.305085 0.175141 0.355932
0.090395 0.418079 0.254237 0.237288
0.175141 0.169492 0.316384 0.338983
0.192090 0.457627 0.197740 0.152542
0.276836 0.350282 0.192090 0.180791
0.141243 0.175141 0.288136 0.395480
0.152542 0.333333 0.344633 0.169492
0.338983 0.282486 0.124294 0.254237
0.180791 0.180791 0.474576 0.163842
0.209040 0.316384 0.305085 0.169492
0.248588 0.225989 0.163842 0.361582

MOTIF motif_2 motif_2
letter-probability matrix: alength= 4 w= 24
0.364017 0.154812 0.221757 0.259414
0.129707 0.669456 0.104603 0.096234
0.213389 0.652720 0.104603 0.029289
0.033473 0.016736 0.895397 0.054393
0.041841 0.025105 0.891213 0.041841
0.757322 0.167364 0.020921 0.054393
0.811715 0.054393 0.054393 0.079498
0.246862 0.062762 0.535565 0.154812
0.058577 0.640167 0.138075 0.163180
0.188285 0.422594 0.276151 0.112971
0.338912 0.146444 0.313808 0.200837
0.209205 0.234310 0.347280 0.209205
0.393305 0.263598 0.205021 0.138075
0.276151 0.334728 0.267782 0.121339
0.292887 0.205021 0.188285 0.313808
0.246862 0.133891 0.209205 0.410042
0.112971 0.476987 0.138075 0.271967
0.288703 0.393305 0.200837 0.117155
0.246862 0.146444 0.309623 0.297071
0.209205 0.163180 0.451883 0.175732
0.292887 0.205021 0.251046 0.251046
0.167364 0.221757 0.163180 0.447699
0.267782 0.380753 0.150628 0.200837
0.305439 0.292887 0.213389 0.188285

MOTIF motif_6 motif_6
letter-probability matrix: alength= 4 w= 24
0.570423 0.077465 0.253521 0.098592
0.070423 0.901408 0.021127 0.007042
0.697183 0.288732 0.007042 0.007042
0.000000 0.000000 1.000000 0.000000
0.000000 0.000000 1.000000 0.000000
1.000000 0.000000 0.000000 0.000000
0.704225 0.000000 0.000000 0.295775
0.063380 0.007042 0.929577 0.000000
0.021127 0.204225 0.070423 0.704225
0.183099 0.161972 0.450704 0.204225
0.330986 0.147887 0.380282 0.140845
0.330986 0.154930 0.232394 0.281690
0.218310 0.260563 0.323944 0.197183
0.274648 0.197183 0.267606 0.260563
0.302817 0.260563 0.323944 0.112676
0.309859 0.161972 0.225352 0.302817
0.246479 0.204225 0.302817 0.246479
0.373239 0.169014 0.267606 0.190141
0.225352 0.295775 0.190141 0.288732
0.338028 0.154930 0.345070 0.161972
0.359155 0.253521 0.190141 0.197183
0.288732 0.225352 0.253521 0.232394
0.232394 0.112676 0.359155 0.295775
0.204225 0.232394 0.345070 0.218310

MOTIF motif_14 motif_14
letter-probability matrix: alength= 4 w= 24
0.155340 0.266990 0.262136 0.315534
0.291262 0.310680 0.194175 0.203883
0.213592 0.291262 0.228155 0.266990
0.203883 0.368932 0.194175 0.233010
0.237864 0.378641 0.165049 0.218447
0.189320 0.393204 0.208738 0.208738
0.169903 0.368932 0.116505 0.344660
0.160194 0.349515 0.131068 0.359223
0.461165 0.179612 0.257282 0.101942
0.004854 0.868932 0.019417 0.106796
0.150485 0.004854 0.009709 0.834951
0.009709 0.000000 0.000000 0.990291
0.004854 0.985437 0.009709 0.000000
0.000000 1.000000 0.000000 0.000000
0.000000 0.009709 0.558252 0.432039
0.029126 0.135922 0.776699 0.058252
0.121359 0.228155 0.082524 0.567961
0.116505 0.383495 0.203883 0.296117
0.203883 0.135922 0.286408 0.373786
0.131068 0.320388 0.330097 0.218447
0.165049 0.262136 0.281553 0.291262
0.262136 0.296117 0.237864 0.203883
0.247573 0.300971 0.252427 0.199029
0.203883 0.257282 0.189320 0.349515

