MEME version 4

ALPHABET= ACGT

strands: + -

MOTIF motif_1 motif_1
letter-probability matrix: alength= 4 w= 24
0.888060 0.044776 0.059701 0.007463
0.089552 0.798507 0.044776 0.067164
0.014925 0.007463 0.052239 0.925373
0.052239 0.022388 0.029851 0.895522
0.014925 0.932836 0.044776 0.007463
0.111940 0.843284 0.007463 0.037313
0.044776 0.119403 0.156716 0.679104
0.276119 0.186567 0.238806 0.298507
0.268657 0.328358 0.305970 0.097015
0.410448 0.283582 0.111940 0.194030
0.156716 0.216418 0.402985 0.223881
0.119403 0.358209 0.335821 0.186567
0.276119 0.343284 0.104478 0.276119
0.283582 0.186567 0.149254 0.380597
0.350746 0.164179 0.216418 0.268657
0.320896 0.134328 0.223881 0.320896
0.231343 0.425373 0.201493 0.141791
0.179104 0.544776 0.119403 0.156716
0.089552 0.276119 0.223881 0.410448
0.358209 0.156716 0.223881 0.261194
0.432836 0.313433 0.134328 0.119403
0.126866 0.261194 0.223881 0.388060
0.432836 0.231343 0.171642 0.164179
0.261194 0.201493 0.238806 0.298507

MOTIF motif_13 motif_13
letter-probability matrix: alength= 4 w= 24
0.226415 0.216981 0.231132 0.325472
0.099057 0.495283 0.193396 0.212264
0.117925 0.424528 0.056604 0.400943
0.698113 0.084906 0.132075 0.084906
0.000000 0.811321 0.037736 0.150943
0.000000 0.000000 0.000000 1.000000
0.004717 0.000000 0.000000 0.995283
0.000000 1.000000 0.000000 0.000000
0.004717 0.995283 0.000000 0.000000
0.009434 0.108491 0.075472 0.806604
0.033019 0.443396 0.330189 0.193396
0.141509 0.231132 0.136792 0.490566
0.226415 0.198113 0.009434 0.566038
0.202830 0.325472 0.136792 0.334906
0.221698 0.297170 0.264151 0.216981
0.169811 0.330189 0.146226 0.353774
0.193396 0.235849 0.273585 0.297170
0.231132 0.245283 0.136792 0.386792
0.216981 0.316038 0.165094 0.301887
0.179245 0.283019 0.221698 0.316038
0.268868 0.231132 0.207547 0.292453
0.254717 0.250000 0.188679 0.306604
0.174528 0.344340 0.240566 0.240566
0.207547 0.273585 0.174528 0.344340

MOTIF motif_6 motif_6
letter-probability matrix: alength= 4 w= 24
0.549708 0.081871 0.257310 0.111111
0.233918 0.315789 0.409357 0.040936
0.871345 0.035088 0.076023 0.017544
0.005848 0.000000 0.994152 0.000000
0.000000 0.000000 1.000000 0.000000
1.000000 0.000000 0.000000 0.000000
0.994152 0.000000 0.000000 0.005848
0.105263 0.011696 0.883041 0.000000
0.046784 0.152047 0.023392 0.777778
0.304094 0.070175 0.497076 0.128655
0.321637 0.152047 0.479532 0.046784
0.362573 0.181287 0.216374 0.239766
0.315789 0.169591 0.269006 0.245614
0.286550 0.181287 0.321637 0.210526
0.315789 0.175439 0.327485 0.181287
0.204678 0.140351 0.444444 0.210526
0.198830 0.222222 0.391813 0.187135
0.438596 0.152047 0.257310 0.152047
0.385965 0.134503 0.269006 0.210526
0.245614 0.175439 0.368421 0.210526
0.368421 0.181287 0.198830 0.251462
0.286550 0.251462 0.315789 0.146199
0.198830 0.181287 0.403509 0.216374
0.327485 0.204678 0.198830 0.269006

