MEME version 4

ALPHABET= ACGT

strands: + -

MOTIF motif_1 motif_1
letter-probability matrix: alength= 4 w= 24
0.000000 0.221198 0.741935 0.036866
1.000000 0.000000 0.000000 0.000000
0.004608 0.004608 0.009217 0.981567
0.009217 0.004608 0.004608 0.981567
0.000000 0.004608 0.990783 0.004608
0.018433 0.000000 0.976959 0.004608
0.142857 0.488479 0.027650 0.341014
0.027650 0.410138 0.082949 0.479263
0.235023 0.253456 0.414747 0.096774
0.447005 0.179724 0.281106 0.092166
0.253456 0.198157 0.377880 0.170507
0.235023 0.299539 0.322581 0.142857
0.092166 0.382488 0.276498 0.248848
0.248848 0.202765 0.294931 0.253456
0.152074 0.290323 0.331797 0.225806
0.207373 0.271889 0.387097 0.133641
0.207373 0.087558 0.470046 0.235023
0.124424 0.258065 0.396313 0.221198
0.175115 0.562212 0.110599 0.152074
0.313364 0.460829 0.124424 0.101382
0.253456 0.313364 0.156682 0.276498
0.230415 0.216590 0.327189 0.225806
0.059908 0.202765 0.221198 0.516129
0.129032 0.327189 0.488479 0.055300

MOTIF motif_13 motif_13
letter-probability matrix: alength= 4 w= 24
0.171271 0.303867 0.259669 0.265193
0.198895 0.491713 0.127072 0.182320
0.436464 0.044199 0.303867 0.215470
0.121547 0.254144 0.248619 0.375691
0.281768 0.143646 0.386740 0.187845
0.033149 0.022099 0.022099 0.922652
0.033149 0.049724 0.906077 0.011050
0.767956 0.071823 0.055249 0.104972
0.011050 0.795580 0.127072 0.066298
0.138122 0.254144 0.027624 0.580110
0.198895 0.640884 0.121547 0.038674
0.701657 0.044199 0.093923 0.160221
0.138122 0.209945 0.281768 0.370166
0.116022 0.558011 0.149171 0.176796
0.254144 0.414365 0.082873 0.248619
0.198895 0.375691 0.176796 0.248619
0.198895 0.149171 0.403315 0.248619
0.331492 0.243094 0.348066 0.077348
0.198895 0.353591 0.314917 0.132597
0.066298 0.618785 0.044199 0.270718
0.116022 0.696133 0.116022 0.071823
0.662983 0.121547 0.038674 0.176796
0.513812 0.049724 0.298343 0.138122
0.171271 0.171271 0.093923 0.563536

MOTIF motif_15 motif_15
letter-probability matrix: alength= 4 w= 24
0.280000 0.400000 0.096667 0.223333
0.116667 0.230000 0.270000 0.383333
0.163333 0.180000 0.486667 0.170000
0.313333 0.076667 0.536667 0.073333
0.043333 0.470000 0.020000 0.466667
0.006667 0.576667 0.400000 0.016667
0.966667 0.023333 0.006667 0.003333
0.493333 0.313333 0.153333 0.040000
0.026667 0.033333 0.036667 0.903333
0.033333 0.820000 0.083333 0.063333
0.840000 0.056667 0.096667 0.006667
0.033333 0.336667 0.436667 0.193333
0.370000 0.310000 0.053333 0.266667
0.193333 0.126667 0.506667 0.173333
0.193333 0.426667 0.213333 0.166667
0.180000 0.336667 0.183333 0.300000
0.143333 0.256667 0.340000 0.260000
0.280000 0.376667 0.223333 0.120000
0.173333 0.440000 0.256667 0.130000
0.366667 0.246667 0.270000 0.116667
0.266667 0.133333 0.393333 0.206667
0.226667 0.143333 0.410000 0.220000
0.203333 0.260000 0.286667 0.250000
0.196667 0.263333 0.370000 0.170000

MOTIF motif_12 motif_12
letter-probability matrix: alength= 4 w= 24
0.172269 0.487395 0.264706 0.075630
0.189076 0.277311 0.138655 0.394958
0.117647 0.197479 0.449580 0.235294
0.546218 0.134454 0.151261 0.168067
0.331933 0.046218 0.138655 0.483193
0.021008 0.012605 0.025210 0.941176
0.000000 0.033613 0.899160 0.067227
0.495798 0.042017 0.432773 0.029412
0.100840 0.500000 0.252101 0.147059
0.008403 0.046218 0.004202 0.941176
0.067227 0.613445 0.256303 0.063025
0.836134 0.025210 0.109244 0.029412
0.079832 0.180672 0.394958 0.344538
0.289916 0.436975 0.151261 0.121849
0.210084 0.365546 0.197479 0.226891
0.403361 0.294118 0.189076 0.113445
0.319328 0.268908 0.214286 0.197479
0.210084 0.121849 0.323529 0.344538
0.100840 0.357143 0.407563 0.134454
0.323529 0.176471 0.168067 0.331933
0.168067 0.478992 0.226891 0.126050
0.420168 0.218487 0.109244 0.252101
0.197479 0.252101 0.294118 0.256303
0.268908 0.147059 0.424370 0.159664

MOTIF motif_11 motif_11
letter-probability matrix: alength= 4 w= 24
0.257732 0.288660 0.288660 0.164948
0.278351 0.257732 0.237113 0.226804
0.195876 0.319588 0.412371 0.072165
0.432990 0.134021 0.268041 0.164948
0.226804 0.237113 0.371134 0.164948
0.391753 0.134021 0.268041 0.206186
0.103093 0.134021 0.546392 0.216495
0.206186 0.103093 0.402062 0.288660
0.577320 0.144330 0.268041 0.010309
0.000000 0.000000 0.000000 1.000000
0.000000 0.000000 0.989691 0.010309
1.000000 0.000000 0.000000 0.000000
0.030928 0.474227 0.443299 0.051546
0.010309 0.010309 0.000000 0.979381
0.000000 0.969072 0.030928 0.000000
0.969072 0.000000 0.030928 0.000000
0.010309 0.268041 0.082474 0.639175
0.237113 0.453608 0.144330 0.164948
0.268041 0.463918 0.134021 0.134021
0.298969 0.144330 0.216495 0.340206
0.103093 0.216495 0.422680 0.257732
0.247423 0.206186 0.175258 0.371134
0.154639 0.412371 0.206186 0.226804
0.154639 0.216495 0.247423 0.381443

MOTIF motif_5 motif_5
letter-probability matrix: alength= 4 w= 24
0.269373 0.428044 0.162362 0.140221
0.298893 0.346863 0.188192 0.166052
0.232472 0.324723 0.313653 0.129151
0.180812 0.416974 0.243542 0.158672
0.239852 0.324723 0.243542 0.191882
0.180812 0.309963 0.247232 0.261993
0.047970 0.317343 0.357934 0.276753
0.490775 0.147601 0.313653 0.047970
0.313653 0.121771 0.409594 0.154982
0.000000 0.996310 0.000000 0.003690
0.003690 0.852399 0.007380 0.136531
0.782288 0.095941 0.099631 0.022140
0.996310 0.000000 0.000000 0.003690
0.000000 0.007380 0.003690 0.988930
0.051661 0.520295 0.180812 0.247232
0.590406 0.040590 0.365314 0.003690
0.062731 0.177122 0.726937 0.033210
0.442804 0.324723 0.081181 0.151292
0.206642 0.114391 0.468635 0.210332
0.147601 0.239852 0.346863 0.265683
0.162362 0.383764 0.343173 0.110701
0.221402 0.324723 0.328413 0.125461
0.239852 0.217712 0.302583 0.239852
0.084871 0.383764 0.361624 0.169742

MOTIF motif_9 motif_9
letter-probability matrix: alength= 4 w= 24
0.222772 0.252475 0.242574 0.282178
0.168317 0.292079 0.420792 0.118812
0.237624 0.212871 0.331683 0.217822
0.252475 0.297030 0.292079 0.158416
0.143564 0.500000 0.069307 0.287129
0.158416 0.207921 0.188119 0.445545
0.059406 0.628713 0.282178 0.029703
0.019802 0.153465 0.059406 0.767327
0.014851 0.202970 0.757426 0.024752
0.995050 0.000000 0.004950 0.000000
0.014851 0.004950 0.014851 0.965347
0.004950 0.000000 0.000000 0.995050
0.000000 0.000000 0.995050 0.004950
0.044554 0.000000 0.955446 0.000000
0.094059 0.613861 0.004950 0.287129
0.024752 0.306931 0.054455 0.613861
0.306931 0.247525 0.297030 0.148515
0.485149 0.168317 0.262376 0.084158
0.217822 0.207921 0.420792 0.153465
0.183168 0.331683 0.381188 0.103960
0.103960 0.376238 0.356436 0.163366
0.282178 0.232673 0.222772 0.262376
0.188119 0.247525 0.361386 0.202970
0.168317 0.217822 0.490099 0.123762

MOTIF motif_10 motif_10
letter-probability matrix: alength= 4 w= 24
0.164835 0.241758 0.285714 0.307692
0.093407 0.109890 0.483516 0.313187
0.164835 0.131868 0.434066 0.269231
0.203297 0.241758 0.373626 0.181319
0.285714 0.390110 0.170330 0.153846
0.087912 0.587912 0.131868 0.192308
0.274725 0.368132 0.164835 0.192308
0.263736 0.285714 0.203297 0.247253
0.307692 0.225275 0.395604 0.071429
0.203297 0.269231 0.379121 0.148352
0.197802 0.445055 0.120879 0.236264
0.087912 0.478022 0.120879 0.313187
0.098901 0.340659 0.219780 0.340659
0.483516 0.027473 0.472527 0.016484
0.324176 0.032967 0.560440 0.082418
0.000000 0.956044 0.010989 0.032967
0.005495 0.978022 0.016484 0.000000
0.994505 0.000000 0.000000 0.005495
0.983516 0.010989 0.005495 0.000000
0.000000 0.000000 0.005495 0.994505
0.010989 0.692308 0.263736 0.032967
0.796703 0.060440 0.142857 0.000000
0.093407 0.208791 0.582418 0.115385
0.516484 0.142857 0.219780 0.120879

