MEME version 4

ALPHABET= ACGT

strands: + -

MOTIF motif_1 motif_1
letter-probability matrix: alength= 4 w= 24
0.236842 0.280702 0.254386 0.228070
0.234649 0.280702 0.247807 0.236842
0.241228 0.245614 0.263158 0.250000
0.223684 0.265351 0.291667 0.219298
0.166667 0.304825 0.265351 0.263158
0.241228 0.274123 0.282895 0.201754
0.298246 0.212719 0.311404 0.177632
0.171053 0.269737 0.381579 0.177632
0.234649 0.157895 0.375000 0.232456
0.407895 0.168860 0.414474 0.008772
0.002193 0.000000 0.000000 0.997807
0.000000 0.002193 0.995614 0.002193
0.995614 0.002193 0.000000 0.002193
0.008772 0.473684 0.510965 0.006579
0.002193 0.004386 0.000000 0.993421
0.010965 0.973684 0.010965 0.004386
0.995614 0.002193 0.002193 0.000000
0.002193 0.425439 0.146930 0.425439
0.195175 0.421053 0.157895 0.225877
0.188596 0.333333 0.300439 0.177632
0.206140 0.394737 0.210526 0.188596
0.197368 0.298246 0.236842 0.267544
0.192982 0.280702 0.302632 0.223684
0.206140 0.348684 0.254386 0.190789

MOTIF motif_11 motif_11
letter-probability matrix: alength= 4 w= 24
0.265086 0.260776 0.271552 0.202586
0.271552 0.228448 0.336207 0.163793
0.178879 0.245690 0.411638 0.163793
0.221983 0.187500 0.387931 0.202586
0.409483 0.183190 0.396552 0.010776
0.006466 0.000000 0.000000 0.993534
0.002155 0.000000 0.984914 0.012931
0.993534 0.002155 0.000000 0.004310
0.006466 0.441810 0.540948 0.010776
0.002155 0.000000 0.000000 0.997845
0.004310 0.991379 0.004310 0.000000
1.000000 0.000000 0.000000 0.000000
0.006466 0.415948 0.118534 0.459052
0.185345 0.448276 0.148707 0.217672
0.196121 0.314655 0.286638 0.202586
0.176724 0.392241 0.228448 0.202586
0.187500 0.301724 0.269397 0.241379
0.206897 0.308190 0.275862 0.209052
0.198276 0.353448 0.232759 0.215517
0.234914 0.297414 0.260776 0.206897
0.217672 0.273707 0.280172 0.228448
0.211207 0.295259 0.258621 0.234914
0.271552 0.267241 0.250000 0.211207
0.168103 0.290948 0.297414 0.243534

MOTIF motif_2 motif_2
letter-probability matrix: alength= 4 w= 24
0.192878 0.436202 0.270030 0.100890
0.272997 0.367953 0.136499 0.222552
0.201780 0.388724 0.249258 0.160237
0.267062 0.255193 0.252226 0.225519
0.281899 0.317507 0.192878 0.207715
0.183976 0.367953 0.228487 0.219585
0.272997 0.305638 0.287834 0.133531
0.332344 0.258160 0.296736 0.112760
0.243323 0.258160 0.314540 0.183976
0.249258 0.305638 0.249258 0.195846
0.243323 0.326409 0.243323 0.186944
0.106825 0.267062 0.350148 0.275964
0.210682 0.112760 0.462908 0.213650
0.183976 0.344214 0.353116 0.118694
0.270030 0.252226 0.261128 0.216617
0.287834 0.213650 0.234421 0.264095
0.234421 0.148368 0.385757 0.231454
0.293769 0.189911 0.510386 0.005935
0.005935 0.011869 0.044510 0.937685
0.020772 0.020772 0.949555 0.008902
0.893175 0.044510 0.047478 0.014837
0.023739 0.566766 0.394659 0.014837
0.005935 0.032641 0.014837 0.946588
0.017804 0.931751 0.044510 0.005935

