MEME version 4

ALPHABET= ACGT

strands: + -

MOTIF motif_10 motif_10
letter-probability matrix: alength= 4 w= 24
0.149123 0.346491 0.171053 0.333333
0.021930 0.078947 0.008772 0.890351
0.368421 0.035088 0.587719 0.008772
0.096491 0.008772 0.070175 0.824561
0.017544 0.039474 0.333333 0.609649
0.013158 0.039474 0.118421 0.828947
0.877193 0.052632 0.039474 0.030702
0.385965 0.583333 0.013158 0.017544
0.679825 0.122807 0.048246 0.149123
0.052632 0.451754 0.061404 0.434211
0.732456 0.004386 0.008772 0.254386
0.337719 0.122807 0.385965 0.153509
0.271930 0.241228 0.241228 0.245614
0.302632 0.192982 0.381579 0.122807
0.285088 0.263158 0.267544 0.184211
0.359649 0.153509 0.254386 0.232456
0.171053 0.307018 0.258772 0.263158
0.342105 0.250000 0.188596 0.219298
0.311404 0.140351 0.219298 0.328947
0.285088 0.302632 0.188596 0.223684
0.434211 0.118421 0.197368 0.250000
0.350877 0.122807 0.271930 0.254386
0.456140 0.109649 0.179825 0.254386
0.223684 0.254386 0.114035 0.407895

