MEME version 4

ALPHABET= ACGT

strands: + -

MOTIF motif_1 motif_1
letter-probability matrix: alength= 4 w= 24
0.197368 0.203947 0.230263 0.368421
0.203947 0.282895 0.296053 0.217105
0.157895 0.184211 0.203947 0.453947
0.125000 0.105263 0.217105 0.552632
0.197368 0.111842 0.269737 0.421053
0.171053 0.105263 0.223684 0.500000
0.131579 0.131579 0.282895 0.453947
0.184211 0.236842 0.197368 0.381579
0.177632 0.164474 0.157895 0.500000
0.197368 0.282895 0.210526 0.309211
0.184211 0.296053 0.092105 0.427632
0.197368 0.118421 0.276316 0.407895
0.006579 0.019737 0.960526 0.013158
0.006579 0.019737 0.000000 0.973684
0.078947 0.151316 0.013158 0.756579
0.256579 0.026316 0.460526 0.256579
0.006579 0.953947 0.006579 0.032895
0.006579 0.618421 0.000000 0.375000
0.782895 0.019737 0.013158 0.184211
0.138158 0.019737 0.217105 0.625000
0.125000 0.000000 0.868421 0.006579
0.157895 0.118421 0.690789 0.032895
0.335526 0.243421 0.125000 0.296053
0.506579 0.026316 0.289474 0.177632

MOTIF motif_10 motif_10
letter-probability matrix: alength= 4 w= 24
0.218487 0.327731 0.138655 0.315126
0.235294 0.176471 0.184874 0.403361
0.235294 0.054622 0.588235 0.121849
0.063025 0.130252 0.247899 0.558824
0.147059 0.184874 0.050420 0.617647
0.180672 0.096639 0.298319 0.424370
0.067227 0.668067 0.163866 0.100840
0.008403 0.852941 0.008403 0.130252
0.609244 0.113445 0.033613 0.243697
0.159664 0.029412 0.067227 0.743697
0.331933 0.004202 0.659664 0.004202
0.063025 0.012605 0.907563 0.016807
0.252101 0.508403 0.025210 0.214286
0.785714 0.012605 0.134454 0.067227
0.920168 0.025210 0.029412 0.025210
0.012605 0.857143 0.016807 0.113445
0.470588 0.184874 0.121849 0.222689
0.344538 0.155462 0.298319 0.201681
0.289916 0.252101 0.231092 0.226891
0.415966 0.218487 0.117647 0.247899
0.319328 0.197479 0.218487 0.264706
0.378151 0.252101 0.105042 0.264706
0.424370 0.159664 0.172269 0.243697
0.382353 0.247899 0.109244 0.260504

