MEME version 4

ALPHABET= ACGT

strands: + -

MOTIF motif_1 motif_1
letter-probability matrix: alength= 4 w= 24
0.558011 0.110497 0.226519 0.104972
0.011050 0.850829 0.044199 0.093923
0.038674 0.000000 0.082873 0.878453
0.000000 0.005525 0.000000 0.994475
0.000000 1.000000 0.000000 0.000000
0.005525 0.994475 0.000000 0.000000
0.011050 0.016575 0.911602 0.060773
0.005525 0.193370 0.773481 0.027624
0.038674 0.447514 0.160221 0.353591
0.104972 0.248619 0.375691 0.270718
0.160221 0.441989 0.232044 0.165746
0.099448 0.519337 0.292818 0.088398
0.182320 0.397790 0.381215 0.038674
0.154696 0.331492 0.408840 0.104972
0.099448 0.309392 0.469613 0.121547
0.099448 0.325967 0.375691 0.198895
0.138122 0.348066 0.408840 0.104972
0.165746 0.298343 0.392265 0.143646
0.127072 0.254144 0.519337 0.099448
0.276243 0.325967 0.303867 0.093923
0.143646 0.281768 0.381215 0.193370
0.138122 0.408840 0.281768 0.171271
0.154696 0.276243 0.359116 0.209945
0.193370 0.353591 0.392265 0.060773

MOTIF motif_13 motif_13
letter-probability matrix: alength= 4 w= 24
0.209677 0.096774 0.532258 0.161290
0.072581 0.419355 0.233871 0.274194
0.120968 0.596774 0.112903 0.169355
0.774194 0.024194 0.185484 0.016129
0.056452 0.782258 0.080645 0.080645
0.008065 0.016129 0.040323 0.935484
0.008065 0.008065 0.040323 0.943548
0.016129 0.943548 0.024194 0.016129
0.008065 0.967742 0.008065 0.016129
0.048387 0.016129 0.830645 0.104839
0.064516 0.088710 0.741935 0.104839
0.048387 0.161290 0.459677 0.330645
0.112903 0.193548 0.443548 0.250000
0.145161 0.395161 0.209677 0.250000
0.193548 0.290323 0.387097 0.129032
0.209677 0.225806 0.395161 0.169355
0.185484 0.161290 0.427419 0.225806
0.096774 0.556452 0.266129 0.080645
0.330645 0.330645 0.201613 0.137097
0.024194 0.354839 0.491935 0.129032
0.185484 0.306452 0.314516 0.193548
0.161290 0.274194 0.387097 0.177419
0.306452 0.225806 0.330645 0.137097
0.169355 0.112903 0.596774 0.120968

MOTIF motif_11 motif_11
letter-probability matrix: alength= 4 w= 24
0.130435 0.739130 0.130435 0.000000
0.028986 0.000000 0.942029 0.028986
0.086957 0.014493 0.869565 0.028986
0.927536 0.028986 0.000000 0.043478
0.782609 0.014493 0.028986 0.173913
0.043478 0.028986 0.840580 0.086957
0.072464 0.115942 0.014493 0.797101
0.362319 0.188406 0.347826 0.101449
0.086957 0.536232 0.304348 0.072464
0.043478 0.304348 0.072464 0.579710
0.115942 0.028986 0.478261 0.376812
0.057971 0.695652 0.130435 0.115942
0.086957 0.637681 0.159420 0.115942
0.188406 0.260870 0.289855 0.260870
0.028986 0.507246 0.362319 0.101449
0.072464 0.318841 0.391304 0.217391
0.101449 0.188406 0.463768 0.246377
0.246377 0.449275 0.202899 0.101449
0.057971 0.376812 0.318841 0.246377
0.086957 0.217391 0.579710 0.115942
0.246377 0.333333 0.202899 0.217391
0.086957 0.405797 0.478261 0.028986
0.159420 0.362319 0.304348 0.173913
0.289855 0.057971 0.376812 0.275362

MOTIF motif_5 motif_5
letter-probability matrix: alength= 4 w= 24
0.139303 0.462687 0.273632 0.124378
0.203980 0.393035 0.288557 0.114428
0.124378 0.273632 0.477612 0.124378
0.194030 0.422886 0.328358 0.054726
0.258706 0.402985 0.253731 0.084577
0.194030 0.213930 0.527363 0.064677
0.179104 0.288557 0.457711 0.074627
0.303483 0.223881 0.268657 0.203980
0.383085 0.119403 0.388060 0.109453
0.019900 0.810945 0.159204 0.009950
0.114428 0.875622 0.009950 0.000000
0.000000 0.000000 0.995025 0.004975
0.019900 0.014925 0.965174 0.000000
0.935323 0.024876 0.004975 0.034826
0.900498 0.044776 0.029851 0.024876
0.064677 0.094527 0.835821 0.004975
0.054726 0.402985 0.064677 0.477612
0.154229 0.174129 0.512438 0.159204
0.333333 0.228856 0.348259 0.089552
0.174129 0.393035 0.208955 0.223881
0.189055 0.179104 0.477612 0.154229
0.109453 0.402985 0.333333 0.154229
0.114428 0.323383 0.318408 0.243781
0.174129 0.308458 0.288557 0.228856

MOTIF motif_6 motif_6
letter-probability matrix: alength= 4 w= 24
0.639175 0.113402 0.237113 0.010309
0.041237 0.804124 0.144330 0.010309
0.185567 0.814433 0.000000 0.000000
0.000000 0.000000 0.989691 0.010309
0.010309 0.000000 0.989691 0.000000
0.979381 0.010309 0.000000 0.010309
0.969072 0.000000 0.000000 0.030928
0.144330 0.020619 0.835052 0.000000
0.134021 0.206186 0.020619 0.639175
0.144330 0.082474 0.659794 0.113402
0.381443 0.103093 0.463918 0.051546
0.268041 0.391753 0.164948 0.175258
0.206186 0.268041 0.329897 0.195876
0.154639 0.278351 0.226804 0.340206
0.123711 0.525773 0.175258 0.175258
0.319588 0.309278 0.319588 0.051546
0.175258 0.247423 0.453608 0.123711
0.278351 0.113402 0.443299 0.164948
0.288660 0.175258 0.391753 0.144330
0.206186 0.257732 0.412371 0.123711
0.164948 0.463918 0.134021 0.237113
0.175258 0.247423 0.360825 0.216495
0.123711 0.288660 0.391753 0.195876
0.278351 0.298969 0.278351 0.144330

