MEME version 4

ALPHABET= ACGT

strands: + -

MOTIF motif_11 motif_11
letter-probability matrix: alength= 4 w= 24
0.225610 0.164634 0.219512 0.390244
0.195122 0.323171 0.201220 0.280488
0.317073 0.237805 0.164634 0.280488
0.274390 0.274390 0.213415 0.237805
0.262195 0.335366 0.195122 0.207317
0.384146 0.152439 0.231707 0.231707
0.243902 0.280488 0.207317 0.268293
0.335366 0.304878 0.189024 0.170732
0.384146 0.256098 0.140244 0.219512
0.274390 0.213415 0.231707 0.280488
0.274390 0.280488 0.213415 0.231707
0.329268 0.225610 0.134146 0.310976
0.115854 0.189024 0.298780 0.396341
0.329268 0.317073 0.189024 0.164634
0.189024 0.219512 0.152439 0.439024
0.115854 0.207317 0.213415 0.463415
0.097561 0.439024 0.310976 0.152439
0.000000 0.146341 0.018293 0.835366
0.079268 0.000000 0.006098 0.914634
1.000000 0.000000 0.000000 0.000000
0.000000 0.000000 0.000000 1.000000
0.000000 0.993902 0.006098 0.000000
0.231707 0.018293 0.030488 0.719512
0.207317 0.304878 0.219512 0.268293

MOTIF motif_5 motif_5
letter-probability matrix: alength= 4 w= 24
0.251462 0.140351 0.245614 0.362573
0.239766 0.140351 0.350877 0.269006
0.204678 0.111111 0.403509 0.280702
0.309942 0.163743 0.298246 0.228070
0.245614 0.122807 0.269006 0.362573
0.304094 0.134503 0.222222 0.339181
0.233918 0.274854 0.292398 0.198830
0.362573 0.181287 0.251462 0.204678
0.321637 0.192982 0.269006 0.216374
0.339181 0.210526 0.315789 0.134503
0.783626 0.005848 0.011696 0.198830
0.005848 0.000000 0.988304 0.005848
1.000000 0.000000 0.000000 0.000000
0.000000 0.005848 0.000000 0.994152
0.953216 0.000000 0.000000 0.046784
0.953216 0.011696 0.017544 0.017544
0.163743 0.169591 0.567251 0.099415
0.374269 0.140351 0.385965 0.099415
0.309942 0.216374 0.327485 0.146199
0.257310 0.245614 0.204678 0.292398
0.157895 0.286550 0.274854 0.280702
0.263158 0.222222 0.222222 0.292398
0.274854 0.169591 0.274854 0.280702
0.239766 0.198830 0.251462 0.309942

