MEME version 4

ALPHABET= ACGT

strands: + -

MOTIF motif_1 motif_1
letter-probability matrix: alength= 4 w= 24
0.176796 0.314917 0.259669 0.248619
0.193370 0.303867 0.187845 0.314917
0.176796 0.259669 0.287293 0.276243
0.204420 0.309392 0.265193 0.220994
0.276243 0.314917 0.243094 0.165746
0.182320 0.381215 0.215470 0.220994
0.298343 0.298343 0.182320 0.220994
0.138122 0.320442 0.270718 0.270718
0.082873 0.359116 0.226519 0.331492
0.011050 0.718232 0.204420 0.066298
0.005525 0.049724 0.011050 0.933702
0.000000 0.000000 0.022099 0.977901
1.000000 0.000000 0.000000 0.000000
0.011050 0.000000 0.000000 0.988950
0.000000 1.000000 0.000000 0.000000
0.237569 0.000000 0.055249 0.707182
0.082873 0.353591 0.458564 0.104972
0.243094 0.287293 0.193370 0.276243
0.193370 0.243094 0.220994 0.342541
0.143646 0.309392 0.359116 0.187845
0.187845 0.314917 0.309392 0.187845
0.149171 0.342541 0.331492 0.176796
0.254144 0.298343 0.281768 0.165746
0.243094 0.430939 0.198895 0.127072

MOTIF motif_11 motif_11
letter-probability matrix: alength= 4 w= 24
0.169118 0.338235 0.308824 0.183824
0.139706 0.220588 0.367647 0.272059
0.066176 0.294118 0.213235 0.426471
0.176471 0.220588 0.257353 0.345588
0.073529 0.389706 0.308824 0.227941
0.375000 0.330882 0.110294 0.183824
0.308824 0.198529 0.323529 0.169118
0.323529 0.235294 0.382353 0.058824
0.169118 0.551471 0.066176 0.213235
0.360294 0.176471 0.147059 0.316176
0.154412 0.330882 0.382353 0.132353
0.272059 0.345588 0.220588 0.161765
0.169118 0.338235 0.132353 0.360294
0.235294 0.242647 0.169118 0.352941
0.110294 0.588235 0.220588 0.080882
0.154412 0.514706 0.154412 0.176471
0.073529 0.742647 0.132353 0.051471
0.088235 0.139706 0.051471 0.720588
0.073529 0.000000 0.220588 0.705882
0.794118 0.066176 0.132353 0.007353
0.007353 0.036765 0.000000 0.955882
0.029412 0.904412 0.044118 0.022059
0.183824 0.007353 0.102941 0.705882
0.080882 0.264706 0.573529 0.080882

MOTIF motif_5 motif_5
letter-probability matrix: alength= 4 w= 24
0.225610 0.201220 0.146341 0.426829
0.103659 0.262195 0.396341 0.237805
0.231707 0.219512 0.310976 0.237805
0.170732 0.237805 0.390244 0.201220
0.176829 0.359756 0.347561 0.115854
0.237805 0.231707 0.371951 0.158537
0.207317 0.323171 0.347561 0.121951
0.262195 0.213415 0.286585 0.237805
0.262195 0.152439 0.323171 0.262195
0.164634 0.426829 0.323171 0.085366
0.695122 0.024390 0.018293 0.262195
0.000000 0.000000 1.000000 0.000000
0.993902 0.000000 0.000000 0.006098
0.000000 0.000000 0.000000 1.000000
0.969512 0.000000 0.000000 0.030488
0.969512 0.000000 0.018293 0.012195
0.085366 0.176829 0.695122 0.042683
0.371951 0.164634 0.426829 0.036585
0.292683 0.286585 0.292683 0.128049
0.219512 0.353659 0.292683 0.134146
0.262195 0.219512 0.347561 0.170732
0.201220 0.323171 0.243902 0.231707
0.268293 0.243902 0.237805 0.250000
0.189024 0.213415 0.341463 0.256098

