MEME version 4

ALPHABET= ACGT

strands: + -

MOTIF motif_7 motif_7
letter-probability matrix: alength= 4 w= 24
0.330645 0.241935 0.250000 0.177419
0.241935 0.193548 0.314516 0.250000
0.338710 0.282258 0.193548 0.185484
0.298387 0.161290 0.338710 0.201613
0.266129 0.241935 0.185484 0.306452
0.298387 0.362903 0.225806 0.112903
0.314516 0.096774 0.379032 0.209677
0.250000 0.209677 0.250000 0.290323
0.088710 0.225806 0.314516 0.370968
0.306452 0.233871 0.169355 0.290323
0.177419 0.379032 0.153226 0.290323
0.120968 0.508065 0.096774 0.274194
0.008065 0.080645 0.072581 0.838710
0.040323 0.040323 0.048387 0.870968
0.943548 0.000000 0.048387 0.008065
0.000000 0.008065 0.008065 0.983871
0.000000 0.903226 0.088710 0.008065
0.193548 0.024194 0.185484 0.596774
0.112903 0.467742 0.250000 0.169355
0.112903 0.129032 0.177419 0.580645
0.217742 0.193548 0.282258 0.306452
0.153226 0.274194 0.290323 0.282258
0.346774 0.153226 0.209677 0.290323
0.250000 0.346774 0.225806 0.177419

MOTIF motif_5 motif_5
letter-probability matrix: alength= 4 w= 24
0.169811 0.179245 0.301887 0.349057
0.433962 0.094340 0.141509 0.330189
0.113208 0.490566 0.169811 0.226415
0.283019 0.254717 0.141509 0.320755
0.396226 0.113208 0.339623 0.150943
0.207547 0.292453 0.349057 0.150943
0.150943 0.056604 0.283019 0.509434
0.377358 0.047170 0.245283 0.330189
0.839623 0.075472 0.028302 0.056604
0.018868 0.584906 0.000000 0.396226
0.018868 0.896226 0.018868 0.066038
0.811321 0.000000 0.132075 0.056604
0.009434 0.820755 0.141509 0.028302
0.764151 0.103774 0.018868 0.113208
0.226415 0.169811 0.509434 0.094340
0.330189 0.226415 0.283019 0.160377
0.216981 0.537736 0.113208 0.132075
0.575472 0.084906 0.103774 0.235849
0.066038 0.500000 0.216981 0.216981
0.283019 0.301887 0.235849 0.179245
0.273585 0.264151 0.245283 0.216981
0.471698 0.132075 0.226415 0.169811
0.169811 0.207547 0.301887 0.320755
0.226415 0.424528 0.141509 0.207547

MOTIF motif_2 motif_2
letter-probability matrix: alength= 4 w= 24
0.24 0.30 0.27 0.19
0.10 0.41 0.38 0.11
0.35 0.17 0.16 0.32
0.01 0.28 0.67 0.04
0.27 0.37 0.28 0.08
0.06 0.87 0.04 0.03
0.93 0.05 0.00 0.02
0.03 0.94 0.01 0.02
0.04 0.00 0.96 0.00
0.12 0.39 0.10 0.39
0.01 0.05 0.78 0.16
0.04 0.42 0.25 0.29
0.12 0.62 0.18 0.08
0.27 0.27 0.18 0.28
0.09 0.27 0.49 0.15
0.13 0.23 0.35 0.29
0.23 0.38 0.28 0.11
0.31 0.19 0.30 0.20
0.09 0.26 0.33 0.32
0.17 0.22 0.39 0.22
0.29 0.33 0.18 0.20
0.15 0.19 0.37 0.29
0.12 0.30 0.28 0.30
0.18 0.25 0.27 0.30

MOTIF motif_10 motif_10
letter-probability matrix: alength= 4 w= 24
0.215311 0.425837 0.239234 0.119617
0.464115 0.258373 0.100478 0.177033
0.598086 0.071770 0.311005 0.019139
0.617225 0.090909 0.248804 0.043062
0.081340 0.856459 0.019139 0.043062
0.009569 0.952153 0.000000 0.038278
0.535885 0.009569 0.215311 0.239234
0.081340 0.799043 0.033493 0.086124
0.846890 0.043062 0.090909 0.019139
0.234450 0.205742 0.334928 0.224880
0.282297 0.172249 0.363636 0.181818
0.100478 0.444976 0.311005 0.143541
0.301435 0.291866 0.177033 0.229665
0.177033 0.229665 0.239234 0.354067
0.172249 0.311005 0.124402 0.392344
0.272727 0.325359 0.224880 0.177033
0.143541 0.397129 0.215311 0.244019
0.124402 0.344498 0.181818 0.349282
0.215311 0.282297 0.349282 0.153110
0.172249 0.397129 0.248804 0.181818
0.392344 0.311005 0.105263 0.191388
0.287081 0.315789 0.172249 0.224880
0.248804 0.133971 0.401914 0.215311
0.177033 0.248804 0.354067 0.220096

MOTIF motif_4 motif_4
letter-probability matrix: alength= 4 w= 24
0.420290 0.137681 0.166667 0.275362
0.086957 0.282609 0.572464 0.057971
0.492754 0.072464 0.007246 0.427536
0.000000 0.000000 1.000000 0.000000
0.789855 0.007246 0.152174 0.050725
0.014493 0.007246 0.043478 0.934783
0.797101 0.072464 0.021739 0.108696
0.833333 0.079710 0.072464 0.014493
0.195652 0.159420 0.601449 0.043478
0.434783 0.130435 0.340580 0.094203
0.260870 0.289855 0.246377 0.202899
0.326087 0.326087 0.195652 0.152174
0.340580 0.239130 0.181159 0.239130
0.282609 0.108696 0.405797 0.202899
0.217391 0.326087 0.224638 0.231884
0.369565 0.195652 0.173913 0.260870
0.326087 0.282609 0.130435 0.260870
0.268116 0.188406 0.311594 0.231884
0.188406 0.369565 0.123188 0.318841
0.318841 0.253623 0.130435 0.297101
0.289855 0.166667 0.246377 0.297101
0.152174 0.333333 0.108696 0.405797
0.384058 0.181159 0.144928 0.289855
0.326087 0.333333 0.123188 0.217391

