MEME version 4

ALPHABET= ACGT

strands: + -

MOTIF motif_1 motif_1
letter-probability matrix: alength= 4 w= 24
0.238994 0.295597 0.276730 0.188679
0.232704 0.490566 0.138365 0.138365
0.308176 0.308176 0.283019 0.100629
0.226415 0.194969 0.528302 0.050314
0.308176 0.559748 0.012579 0.119497
0.006289 0.044025 0.943396 0.006289
0.031447 0.000000 0.968553 0.000000
0.993711 0.000000 0.006289 0.000000
0.000000 1.000000 0.000000 0.000000
0.000000 0.823899 0.081761 0.094340
0.358491 0.320755 0.138365 0.182390
0.389937 0.100629 0.308176 0.201258
0.559748 0.006289 0.345912 0.088050
0.201258 0.113208 0.389937 0.295597
0.270440 0.050314 0.182390 0.496855
0.000000 0.018868 0.968553 0.012579
0.710692 0.012579 0.245283 0.031447
0.402516 0.006289 0.591195 0.000000
0.490566 0.006289 0.503145 0.000000
0.710692 0.138365 0.125786 0.025157
0.025157 0.943396 0.031447 0.000000
0.408805 0.100629 0.062893 0.427673
0.169811 0.125786 0.540881 0.163522
0.169811 0.283019 0.415094 0.132075

MOTIF motif_13 motif_13
letter-probability matrix: alength= 4 w= 24
0.056604 0.056604 0.358491 0.528302
0.056604 0.792453 0.037736 0.113208
0.113208 0.377358 0.113208 0.396226
0.075472 0.169811 0.301887 0.452830
0.018868 0.773585 0.056604 0.150943
0.264151 0.150943 0.056604 0.528302
0.264151 0.094340 0.113208 0.528302
0.301887 0.169811 0.132075 0.396226
0.113208 0.415094 0.264151 0.207547
0.150943 0.226415 0.132075 0.490566
0.113208 0.226415 0.566038 0.094340
0.094340 0.226415 0.433962 0.245283
0.094340 0.037736 0.037736 0.830189
0.094340 0.603774 0.226415 0.075472
0.094340 0.509434 0.188679 0.207547
0.566038 0.056604 0.037736 0.339623
0.113208 0.113208 0.509434 0.264151
0.264151 0.018868 0.018868 0.698113
0.018868 0.528302 0.301887 0.150943
0.094340 0.245283 0.056604 0.603774
0.075472 0.830189 0.000000 0.094340
0.150943 0.547170 0.056604 0.245283
0.188679 0.283019 0.150943 0.377358
0.830189 0.056604 0.018868 0.094340

MOTIF motif_12 motif_12
letter-probability matrix: alength= 4 w= 24
0.250000 0.177419 0.306452 0.266129
0.274194 0.185484 0.193548 0.346774
0.225806 0.153226 0.483871 0.137097
0.088710 0.524194 0.225806 0.161290
0.209677 0.572581 0.064516 0.153226
0.451613 0.056452 0.048387 0.443548
0.000000 0.000000 0.991935 0.008065
0.008065 0.161290 0.056452 0.774194
0.000000 0.612903 0.016129 0.370968
0.000000 0.669355 0.032258 0.298387
0.040323 0.185484 0.000000 0.774194
0.000000 0.975806 0.024194 0.000000
0.580645 0.088710 0.000000 0.330645
0.322581 0.500000 0.064516 0.112903
0.024194 0.338710 0.048387 0.588710
0.120968 0.314516 0.048387 0.516129
0.233871 0.080645 0.338710 0.346774
0.056452 0.032258 0.911290 0.000000
0.000000 0.000000 1.000000 0.000000
0.000000 0.008065 0.016129 0.975806
0.008065 0.975806 0.008065 0.008065
0.008065 0.903226 0.064516 0.024194
0.161290 0.000000 0.629032 0.209677
0.056452 0.290323 0.395161 0.258065

MOTIF motif_8 motif_8
letter-probability matrix: alength= 4 w= 24
0.022388 0.052239 0.902985 0.022388
0.014925 0.000000 0.940299 0.044776
0.925373 0.037313 0.022388 0.014925
0.000000 0.992537 0.007463 0.000000
0.007463 0.858209 0.044776 0.089552
0.343284 0.335821 0.171642 0.149254
0.470149 0.082090 0.350746 0.097015
0.619403 0.014925 0.268657 0.097015
0.119403 0.119403 0.477612 0.283582
0.320896 0.052239 0.134328 0.492537
0.022388 0.000000 0.970149 0.007463
0.694030 0.000000 0.283582 0.022388
0.365672 0.037313 0.597015 0.000000
0.440299 0.014925 0.529851 0.014925
0.708955 0.171642 0.089552 0.029851
0.000000 0.940299 0.052239 0.007463
0.350746 0.149254 0.044776 0.455224
0.253731 0.126866 0.492537 0.126866
0.156716 0.283582 0.432836 0.126866
0.164179 0.343284 0.231343 0.261194
0.373134 0.291045 0.156716 0.179104
0.335821 0.238806 0.186567 0.238806
0.425373 0.134328 0.179104 0.261194
0.276119 0.238806 0.298507 0.186567

MOTIF motif_5 motif_5
letter-probability matrix: alength= 4 w= 24
0.000000 0.015504 0.976744 0.007752
0.038760 0.139535 0.093023 0.728682
0.000000 0.581395 0.023256 0.395349
0.000000 0.596899 0.031008 0.372093
0.023256 0.279070 0.000000 0.697674
0.000000 0.976744 0.000000 0.023256
0.457364 0.170543 0.015504 0.356589
0.279070 0.441860 0.093023 0.186047
0.031008 0.317829 0.015504 0.635659
0.124031 0.348837 0.116279 0.410853
0.100775 0.131783 0.356589 0.410853
0.085271 0.038760 0.875969 0.000000
0.000000 0.007752 0.992248 0.000000
0.000000 0.007752 0.015504 0.976744
0.007752 0.976744 0.000000 0.015504
0.007752 0.961240 0.023256 0.007752
0.162791 0.000000 0.596899 0.240310
0.077519 0.434109 0.356589 0.131783
0.069767 0.201550 0.255814 0.472868
0.108527 0.178295 0.527132 0.186047
0.139535 0.271318 0.271318 0.317829
0.139535 0.387597 0.263566 0.209302
0.124031 0.426357 0.263566 0.186047
0.217054 0.240310 0.224806 0.317829

MOTIF motif_10 motif_10
letter-probability matrix: alength= 4 w= 24
0.030769 0.138462 0.269231 0.561538
0.007692 0.484615 0.061538 0.446154
0.023077 0.492308 0.100000 0.384615
0.130769 0.284615 0.015385 0.569231
0.030769 0.876923 0.076923 0.015385
0.561538 0.153846 0.007692 0.276923
0.192308 0.553846 0.146154 0.107692
0.038462 0.500000 0.069231 0.392308
0.246154 0.269231 0.061538 0.423077
0.284615 0.123077 0.400000 0.192308
0.092308 0.107692 0.800000 0.000000
0.000000 0.023077 0.976923 0.000000
0.000000 0.000000 0.015385 0.984615
0.000000 0.984615 0.000000 0.015385
0.000000 0.969231 0.030769 0.000000
0.015385 0.007692 0.815385 0.161538
0.069231 0.523077 0.146154 0.261538
0.115385 0.200000 0.361538 0.323077
0.115385 0.115385 0.576923 0.192308
0.169231 0.230769 0.369231 0.230769
0.146154 0.330769 0.369231 0.153846
0.207692 0.330769 0.323077 0.138462
0.276923 0.230769 0.223077 0.269231
0.330769 0.223077 0.338462 0.107692

