MEME version 4

ALPHABET= ACGT

strands: + -

MOTIF motif_1 motif_1
letter-probability matrix: alength= 4 w= 24
0.301370 0.212329 0.311644 0.174658
0.280822 0.229452 0.154110 0.335616
0.280822 0.205479 0.154110 0.359589
0.332192 0.202055 0.243151 0.222603
0.263699 0.260274 0.256849 0.219178
0.273973 0.246575 0.191781 0.287671
0.342466 0.157534 0.195205 0.304795
0.280822 0.195205 0.315068 0.208904
0.232877 0.277397 0.246575 0.243151
0.229452 0.243151 0.229452 0.297945
0.294521 0.239726 0.226027 0.239726
0.304795 0.304795 0.232877 0.157534
0.267123 0.250000 0.229452 0.253425
0.250000 0.243151 0.215753 0.291096
0.191781 0.236301 0.219178 0.352740
0.445205 0.119863 0.273973 0.160959
0.630137 0.085616 0.243151 0.041096
0.003425 0.931507 0.017123 0.047945
0.023973 0.051370 0.006849 0.917808
0.907534 0.017123 0.071918 0.003425
0.000000 0.006849 0.993151 0.000000
0.071918 0.061644 0.068493 0.797945
0.136986 0.212329 0.085616 0.565068
0.609589 0.113014 0.164384 0.113014

MOTIF motif_13 motif_13
letter-probability matrix: alength= 4 w= 24
0.338346 0.142857 0.379699 0.139098
0.323308 0.184211 0.176692 0.315789
0.266917 0.187970 0.214286 0.330827
0.421053 0.105263 0.225564 0.248120
0.187970 0.413534 0.281955 0.116541
0.233083 0.172932 0.139098 0.454887
0.530075 0.236842 0.180451 0.052632
0.443609 0.150376 0.266917 0.139098
0.124060 0.563910 0.120301 0.191729
0.199248 0.022556 0.060150 0.718045
0.240602 0.075188 0.620301 0.063910
0.206767 0.090226 0.661654 0.041353
0.060150 0.075188 0.022556 0.842105
0.056391 0.037594 0.097744 0.808271
0.872180 0.041353 0.045113 0.041353
0.526316 0.082707 0.086466 0.304511
0.214286 0.432331 0.285714 0.067669
0.413534 0.131579 0.157895 0.296992
0.184211 0.157895 0.375940 0.281955
0.349624 0.300752 0.105263 0.244361
0.172932 0.319549 0.214286 0.293233
0.327068 0.225564 0.206767 0.240602
0.289474 0.214286 0.248120 0.248120
0.338346 0.312030 0.221805 0.127820

MOTIF motif_11 motif_11
letter-probability matrix: alength= 4 w= 24
0.363184 0.084577 0.378109 0.174129
0.184080 0.268657 0.368159 0.179104
0.094527 0.119403 0.109453 0.676617
0.378109 0.194030 0.119403 0.308458
0.363184 0.114428 0.407960 0.114428
0.353234 0.268657 0.139303 0.238806
0.323383 0.199005 0.273632 0.203980
0.189055 0.179104 0.348259 0.283582
0.288557 0.323383 0.199005 0.189055
0.194030 0.323383 0.213930 0.268657
0.283582 0.084577 0.368159 0.263682
0.333333 0.174129 0.373134 0.119403
0.169154 0.343284 0.124378 0.363184
0.064677 0.084577 0.034826 0.815920
0.656716 0.089552 0.169154 0.084577
0.910448 0.034826 0.024876 0.029851
0.029851 0.940299 0.014925 0.014925
0.019900 0.333333 0.019900 0.626866
0.870647 0.029851 0.064677 0.034826
0.303483 0.139303 0.507463 0.049751
0.129353 0.353234 0.119403 0.398010
0.119403 0.303483 0.174129 0.402985
0.149254 0.318408 0.189055 0.343284
0.278607 0.094527 0.238806 0.388060

