MEME version 4

ALPHABET= ACGT

strands: + -

MOTIF motif_1 motif_1
letter-probability matrix: alength= 4 w= 24
0.697095 0.078838 0.132780 0.091286
0.742739 0.020747 0.091286 0.145228
0.344398 0.211618 0.315353 0.128631
0.307054 0.178423 0.103734 0.410788
0.161826 0.045643 0.738589 0.053942
0.979253 0.000000 0.016598 0.004149
0.991701 0.000000 0.000000 0.008299
1.000000 0.000000 0.000000 0.000000
0.165975 0.240664 0.572614 0.020747
0.082988 0.203320 0.000000 0.713693
0.049793 0.000000 0.950207 0.000000
0.987552 0.000000 0.012448 0.000000
0.995851 0.000000 0.000000 0.004149
1.000000 0.000000 0.000000 0.000000
0.020747 0.377593 0.585062 0.016598
0.120332 0.286307 0.029046 0.564315
0.448133 0.087137 0.348548 0.116183
0.443983 0.174274 0.319502 0.062241
0.414938 0.182573 0.215768 0.186722
0.460581 0.215768 0.157676 0.165975
0.290456 0.228216 0.224066 0.257261
0.307054 0.190871 0.232365 0.269710
0.352697 0.203320 0.244813 0.199170
0.315353 0.215768 0.211618 0.257261

MOTIF motif_11 motif_11
letter-probability matrix: alength= 4 w= 24
0.053892 0.502994 0.377246 0.065868
0.029940 0.005988 0.005988 0.958084
0.017964 0.017964 0.000000 0.964072
0.000000 0.065868 0.011976 0.922156
0.011976 0.922156 0.029940 0.035928
0.814371 0.017964 0.113772 0.053892
0.011976 0.658683 0.185629 0.143713
0.017964 0.047904 0.005988 0.928144
0.029940 0.017964 0.000000 0.952096
0.011976 0.005988 0.017964 0.964072
0.029940 0.886228 0.017964 0.065868
0.431138 0.065868 0.101796 0.401198
0.089820 0.449102 0.221557 0.239521
0.071856 0.077844 0.053892 0.796407
0.179641 0.107784 0.029940 0.682635
0.113772 0.203593 0.047904 0.634731
0.227545 0.317365 0.161677 0.293413
0.269461 0.173653 0.233533 0.323353
0.239521 0.467066 0.131737 0.161677
0.335329 0.167665 0.065868 0.431138
0.239521 0.245509 0.233533 0.281437
0.203593 0.101796 0.155689 0.538922
0.209581 0.263473 0.353293 0.173653
0.221557 0.281437 0.149701 0.347305

MOTIF motif_2 motif_2
letter-probability matrix: alength= 4 w= 24
0.330544 0.188285 0.175732 0.305439
0.200837 0.292887 0.246862 0.259414
0.175732 0.221757 0.200837 0.401674
0.188285 0.209205 0.138075 0.464435
0.096234 0.234310 0.121339 0.548117
0.083682 0.364017 0.058577 0.493724
0.635983 0.066946 0.205021 0.092050
0.012552 0.615063 0.355649 0.016736
0.000000 0.000000 0.000000 1.000000
0.004184 0.000000 0.004184 0.991632
0.000000 0.029289 0.004184 0.966527
0.004184 0.937238 0.000000 0.058577
0.740586 0.016736 0.138075 0.104603
0.004184 0.644351 0.234310 0.117155
0.000000 0.000000 0.000000 1.000000
0.000000 0.004184 0.000000 0.995816
0.012552 0.004184 0.000000 0.983264
0.016736 0.782427 0.100418 0.100418
0.435146 0.121339 0.158996 0.284519
0.175732 0.343096 0.196653 0.284519
0.104603 0.050209 0.058577 0.786611
0.158996 0.138075 0.066946 0.635983
0.100418 0.213389 0.096234 0.589958
0.271967 0.263598 0.133891 0.330544

MOTIF motif_10 motif_10
letter-probability matrix: alength= 4 w= 24
0.042553 0.563830 0.329787 0.063830
0.010638 0.063830 0.095745 0.829787
0.021277 0.031915 0.037234 0.909574
0.010638 0.117021 0.069149 0.803191
0.010638 0.755319 0.021277 0.212766
0.739362 0.015957 0.202128 0.042553
0.010638 0.638298 0.287234 0.063830
0.000000 0.000000 0.000000 1.000000
0.000000 0.005319 0.000000 0.994681
0.000000 0.000000 0.000000 1.000000
0.010638 0.925532 0.000000 0.063830
0.606383 0.047872 0.132979 0.212766
0.031915 0.531915 0.250000 0.186170
0.026596 0.021277 0.005319 0.946809
0.005319 0.037234 0.021277 0.936170
0.026596 0.101064 0.037234 0.835106
0.196809 0.404255 0.138298 0.260638
0.303191 0.202128 0.196809 0.297872
0.372340 0.271277 0.111702 0.244681
0.276596 0.212766 0.159574 0.351064
0.345745 0.164894 0.223404 0.265957
0.202128 0.223404 0.143617 0.430851
0.239362 0.250000 0.297872 0.212766
0.202128 0.196809 0.212766 0.388298

MOTIF motif_6 motif_6
letter-probability matrix: alength= 4 w= 24
0.223464 0.329609 0.217877 0.229050
0.201117 0.290503 0.229050 0.279330
0.167598 0.324022 0.162011 0.346369
0.117318 0.418994 0.162011 0.301676
0.608939 0.100559 0.162011 0.128492
0.044693 0.603352 0.307263 0.044693
0.044693 0.000000 0.050279 0.905028
0.022346 0.016760 0.033520 0.927374
0.000000 0.044693 0.067039 0.888268
0.016760 0.843575 0.016760 0.122905
0.759777 0.027933 0.145251 0.067039
0.000000 0.798883 0.162011 0.039106
0.000000 0.000000 0.000000 1.000000
0.011173 0.016760 0.016760 0.955307
0.039106 0.000000 0.011173 0.949721
0.033520 0.871508 0.027933 0.067039
0.558659 0.072626 0.122905 0.245810
0.094972 0.675978 0.083799 0.145251
0.061453 0.055866 0.016760 0.865922
0.094972 0.094972 0.061453 0.748603
0.061453 0.145251 0.067039 0.726257
0.128492 0.424581 0.195531 0.251397
0.229050 0.234637 0.150838 0.385475
0.240223 0.279330 0.217877 0.262570

