MEME version 4

ALPHABET= ACGT

strands: + -

MOTIF motif_1 motif_1
letter-probability matrix: alength= 4 w= 24
0.181818 0.079545 0.347727 0.390909
0.638636 0.086364 0.268182 0.006818
0.000000 0.009091 0.004545 0.986364
0.000000 0.002273 0.147727 0.850000
0.215909 0.000000 0.763636 0.020455
0.020455 0.793182 0.004545 0.181818
0.200000 0.018182 0.772727 0.009091
0.034091 0.718182 0.000000 0.247727
0.859091 0.140909 0.000000 0.000000
0.997727 0.000000 0.002273 0.000000
0.004545 0.306818 0.056818 0.631818
0.395455 0.340909 0.084091 0.179545
0.290909 0.236364 0.200000 0.272727
0.159091 0.290909 0.134091 0.415909
0.256818 0.190909 0.261364 0.290909
0.263636 0.211364 0.240909 0.284091
0.206818 0.286364 0.231818 0.275000
0.281818 0.213636 0.218182 0.286364
0.284091 0.295455 0.181818 0.238636
0.354545 0.195455 0.184091 0.265909
0.247727 0.256818 0.247727 0.247727
0.268182 0.215909 0.204545 0.311364
0.243182 0.247727 0.234091 0.275000
0.240909 0.286364 0.172727 0.300000

MOTIF motif_2 motif_2
letter-probability matrix: alength= 4 w= 24
0.85 0.15 0.00 0.00
0.00 1.00 0.00 0.00
0.00 0.95 0.05 0.00
0.05 0.05 0.05 0.85
0.00 0.80 0.10 0.10
0.00 0.70 0.05 0.25
0.45 0.00 0.55 0.00
0.00 0.90 0.10 0.00
0.05 0.80 0.00 0.15
0.05 0.00 0.10 0.85
0.00 0.65 0.10 0.25
0.10 0.70 0.10 0.10
0.15 0.65 0.00 0.20
0.35 0.05 0.55 0.05
0.10 0.05 0.75 0.10
0.00 0.00 0.80 0.20
0.00 0.25 0.05 0.70
0.00 0.10 0.00 0.90
0.00 1.00 0.00 0.00
1.00 0.00 0.00 0.00
0.75 0.05 0.05 0.15
0.00 0.10 0.80 0.10
0.00 0.40 0.10 0.50
0.10 0.25 0.65 0.00

