MEME version 4

ALPHABET= ACGT

strands: + -

MOTIF motif_1 motif_1
letter-probability matrix: alength= 4 w= 24
0.236041 0.200508 0.332487 0.230964
0.274112 0.144670 0.317259 0.263959
0.621827 0.111675 0.258883 0.007614
0.002538 0.000000 0.002538 0.994924
0.002538 0.000000 0.972081 0.025381
0.992386 0.005076 0.002538 0.000000
0.020305 0.444162 0.522843 0.012690
0.000000 0.002538 0.000000 0.997462
0.025381 0.972081 0.000000 0.002538
1.000000 0.000000 0.000000 0.000000
0.005076 0.243655 0.167513 0.583756
0.225888 0.329949 0.131980 0.312183
0.238579 0.291878 0.238579 0.230964
0.253807 0.261421 0.228426 0.256345
0.203046 0.248731 0.203046 0.345178
0.271574 0.208122 0.233503 0.286802
0.238579 0.238579 0.225888 0.296954
0.256345 0.213198 0.208122 0.322335
0.286802 0.220812 0.230964 0.261421
0.248731 0.215736 0.210660 0.324873
0.299492 0.203046 0.203046 0.294416
0.253807 0.210660 0.218274 0.317259
0.258883 0.210660 0.256345 0.274112
0.291878 0.220812 0.215736 0.271574

MOTIF motif_7 motif_7
letter-probability matrix: alength= 4 w= 24
0.140000 0.320000 0.220000 0.320000
0.393333 0.246667 0.046667 0.313333
0.506667 0.173333 0.160000 0.160000
0.520000 0.093333 0.260000 0.126667
0.226667 0.306667 0.273333 0.193333
0.513333 0.086667 0.340000 0.060000
0.413333 0.253333 0.253333 0.080000
0.400000 0.040000 0.126667 0.433333
0.073333 0.033333 0.346667 0.546667
0.360000 0.026667 0.506667 0.106667
0.706667 0.106667 0.060000 0.126667
0.026667 0.086667 0.846667 0.040000
0.046667 0.033333 0.026667 0.893333
0.006667 0.880000 0.040000 0.073333
0.953333 0.013333 0.020000 0.013333
0.000000 0.386667 0.060000 0.553333
0.220000 0.573333 0.120000 0.086667
0.340000 0.313333 0.160000 0.186667
0.266667 0.300000 0.140000 0.293333
0.233333 0.400000 0.093333 0.273333
0.166667 0.140000 0.193333 0.500000
0.173333 0.306667 0.173333 0.346667
0.213333 0.246667 0.166667 0.373333
0.306667 0.160000 0.100000 0.433333

MOTIF motif_2 motif_2
letter-probability matrix: alength= 4 w= 24
0.365625 0.150000 0.287500 0.196875
0.193750 0.331250 0.178125 0.296875
0.312500 0.171875 0.190625 0.325000
0.334375 0.156250 0.196875 0.312500
0.196875 0.400000 0.209375 0.193750
0.165625 0.281250 0.175000 0.378125
0.603125 0.131250 0.115625 0.150000
0.418750 0.175000 0.112500 0.293750
0.206250 0.218750 0.387500 0.187500
0.287500 0.209375 0.225000 0.278125
0.203125 0.396875 0.209375 0.190625
0.421875 0.175000 0.146875 0.256250
0.156250 0.156250 0.321875 0.365625
0.356250 0.306250 0.231250 0.106250
0.334375 0.365625 0.175000 0.125000
0.168750 0.065625 0.265625 0.500000
0.318750 0.118750 0.440625 0.121875
0.606250 0.196875 0.150000 0.046875
0.056250 0.006250 0.050000 0.887500
0.046875 0.062500 0.837500 0.053125
0.881250 0.025000 0.009375 0.084375
0.068750 0.606250 0.175000 0.150000
0.100000 0.112500 0.068750 0.718750
0.084375 0.612500 0.093750 0.209375

