MEME version 4

ALPHABET= ACGT

strands: + -

MOTIF motif_1 motif_1
letter-probability matrix: alength= 4 w= 24
0.582418 0.164835 0.120879 0.131868
0.483516 0.208791 0.186813 0.120879
0.197802 0.219780 0.065934 0.516484
0.120879 0.087912 0.021978 0.769231
0.164835 0.087912 0.054945 0.692308
0.494505 0.021978 0.230769 0.252747
0.098901 0.131868 0.604396 0.164835
0.307692 0.219780 0.362637 0.109890
0.043956 0.153846 0.670330 0.131868
0.868132 0.087912 0.032967 0.010989
0.032967 0.494505 0.098901 0.373626
0.252747 0.175824 0.362637 0.208791
0.373626 0.098901 0.461538 0.065934
0.021978 0.131868 0.021978 0.824176
0.043956 0.923077 0.010989 0.021978
0.054945 0.736264 0.032967 0.175824
0.087912 0.791209 0.065934 0.054945
0.109890 0.065934 0.010989 0.813187
0.538462 0.054945 0.197802 0.208791
0.835165 0.021978 0.142857 0.000000
0.340659 0.186813 0.351648 0.120879
0.109890 0.263736 0.208791 0.417582
0.142857 0.197802 0.230769 0.428571
0.230769 0.318681 0.186813 0.263736

MOTIF motif_13 motif_13
letter-probability matrix: alength= 4 w= 24
0.407080 0.176991 0.287611 0.128319
0.154867 0.252212 0.314159 0.278761
0.243363 0.265487 0.274336 0.216814
0.234513 0.230088 0.309735 0.225664
0.314159 0.287611 0.207965 0.190265
0.132743 0.163717 0.323009 0.380531
0.119469 0.159292 0.194690 0.526549
0.300885 0.225664 0.172566 0.300885
0.163717 0.305310 0.331858 0.199115
0.123894 0.473451 0.168142 0.234513
0.327434 0.199115 0.283186 0.190265
0.305310 0.296460 0.380531 0.017699
0.048673 0.070796 0.013274 0.867257
0.088496 0.119469 0.628319 0.163717
0.721239 0.097345 0.084071 0.097345
0.057522 0.579646 0.340708 0.022124
0.066372 0.026549 0.057522 0.849558
0.039823 0.805310 0.123894 0.030973
0.867257 0.044248 0.008850 0.079646
0.004425 0.690265 0.066372 0.238938
0.053097 0.278761 0.084071 0.584071
0.123894 0.278761 0.420354 0.176991
0.097345 0.393805 0.238938 0.269912
0.172566 0.269912 0.265487 0.292035

MOTIF motif_11 motif_11
letter-probability matrix: alength= 4 w= 24
0.228261 0.293478 0.288043 0.190217
0.266304 0.239130 0.309783 0.184783
0.233696 0.211957 0.375000 0.179348
0.206522 0.195652 0.358696 0.239130
0.521739 0.119565 0.347826 0.010870
0.000000 0.000000 0.000000 1.000000
0.000000 0.000000 1.000000 0.000000
1.000000 0.000000 0.000000 0.000000
0.010870 0.451087 0.494565 0.043478
0.005435 0.000000 0.000000 0.994565
0.016304 0.983696 0.000000 0.000000
0.994565 0.005435 0.000000 0.000000
0.010870 0.336957 0.135870 0.516304
0.266304 0.380435 0.173913 0.179348
0.157609 0.413043 0.239130 0.190217
0.222826 0.331522 0.152174 0.293478
0.211957 0.250000 0.331522 0.206522
0.250000 0.282609 0.211957 0.255435
0.233696 0.260870 0.239130 0.266304
0.260870 0.195652 0.304348 0.239130
0.304348 0.195652 0.255435 0.244565
0.206522 0.336957 0.217391 0.239130
0.179348 0.347826 0.211957 0.260870
0.146739 0.271739 0.260870 0.320652

MOTIF motif_10 motif_10
letter-probability matrix: alength= 4 w= 24
0.347826 0.165217 0.260870 0.226087
0.400000 0.208696 0.147826 0.243478
0.469565 0.121739 0.069565 0.339130
0.260870 0.217391 0.095652 0.426087
0.095652 0.156522 0.113043 0.634783
0.086957 0.060870 0.408696 0.443478
0.252174 0.260870 0.226087 0.260870
0.365217 0.356522 0.104348 0.173913
0.086957 0.373913 0.313043 0.226087
0.704348 0.156522 0.095652 0.043478
0.043478 0.478261 0.182609 0.295652
0.269565 0.060870 0.617391 0.052174
0.365217 0.217391 0.269565 0.147826
0.078261 0.121739 0.113043 0.686957
0.017391 0.913043 0.000000 0.069565
0.000000 0.965217 0.034783 0.000000
0.043478 0.939130 0.008696 0.008696
0.000000 0.008696 0.017391 0.973913
0.469565 0.069565 0.156522 0.304348
0.582609 0.026087 0.313043 0.078261
0.182609 0.382609 0.347826 0.086957
0.286957 0.286957 0.113043 0.313043
0.330435 0.217391 0.208696 0.243478
0.234783 0.234783 0.200000 0.330435

MOTIF motif_6 motif_6
letter-probability matrix: alength= 4 w= 24
1.00 0.00 0.00 0.00
0.00 0.00 1.00 0.00
0.02 0.00 0.98 0.00
0.00 0.00 1.00 0.00
0.84 0.06 0.10 0.00
0.08 0.24 0.34 0.34
0.04 0.60 0.02 0.34
0.26 0.04 0.68 0.02
0.04 0.06 0.06 0.84
0.10 0.68 0.22 0.00
0.24 0.14 0.18 0.44
0.28 0.26 0.34 0.12
0.40 0.28 0.12 0.20
0.58 0.24 0.14 0.04
0.76 0.04 0.08 0.12
0.56 0.02 0.08 0.34
0.02 0.10 0.30 0.58
0.18 0.14 0.06 0.62
0.34 0.22 0.26 0.18
0.16 0.52 0.20 0.12
0.20 0.42 0.08 0.30
0.38 0.14 0.24 0.24
0.14 0.08 0.50 0.28
0.16 0.24 0.30 0.30

