MEME version 4

ALPHABET= ACGT

strands: + -

MOTIF motif_1 motif_1
letter-probability matrix: alength= 4 w= 24
0.311015 0.231102 0.218143 0.239741
0.241901 0.274298 0.272138 0.211663
0.248380 0.295896 0.263499 0.192225
0.231102 0.250540 0.265659 0.252700
0.239741 0.291577 0.257019 0.211663
0.291577 0.226782 0.274298 0.207343
0.254860 0.194384 0.356371 0.194384
0.220302 0.196544 0.347732 0.235421
0.213823 0.114471 0.485961 0.185745
0.617711 0.086393 0.285097 0.010799
0.000000 0.002160 0.000000 0.997840
0.004320 0.000000 0.987041 0.008639
0.997840 0.000000 0.002160 0.000000
0.010799 0.477322 0.507559 0.004320
0.000000 0.002160 0.008639 0.989201
0.000000 1.000000 0.000000 0.000000
0.995680 0.000000 0.000000 0.004320
0.008639 0.298056 0.088553 0.604752
0.174946 0.447084 0.140389 0.237581
0.211663 0.384449 0.218143 0.185745
0.215983 0.306695 0.224622 0.252700
0.177106 0.272138 0.239741 0.311015
0.200864 0.241901 0.336933 0.220302
0.272138 0.235421 0.265659 0.226782

MOTIF motif_7 motif_7
letter-probability matrix: alength= 4 w= 24
0.266667 0.289855 0.159420 0.284058
0.237681 0.278261 0.214493 0.269565
0.263768 0.191304 0.310145 0.234783
0.257971 0.257971 0.400000 0.084058
0.336232 0.153623 0.298551 0.211594
0.257971 0.205797 0.428986 0.107246
0.417391 0.142029 0.307246 0.133333
0.373913 0.110145 0.153623 0.362319
0.049275 0.020290 0.304348 0.626087
0.344928 0.011594 0.602899 0.040580
0.594203 0.281159 0.069565 0.055072
0.110145 0.255072 0.591304 0.043478
0.031884 0.055072 0.043478 0.869565
0.011594 0.930435 0.028986 0.028986
0.959420 0.008696 0.014493 0.017391
0.034783 0.092754 0.115942 0.756522
0.147826 0.608696 0.127536 0.115942
0.228986 0.310145 0.127536 0.333333
0.150725 0.359420 0.231884 0.257971
0.191304 0.200000 0.202899 0.405797
0.086957 0.263768 0.437681 0.211594
0.272464 0.321739 0.188406 0.217391
0.159420 0.310145 0.269565 0.260870
0.194203 0.191304 0.292754 0.321739

MOTIF motif_11 motif_11
letter-probability matrix: alength= 4 w= 24
0.279570 0.234409 0.290323 0.195699
0.268817 0.206452 0.331183 0.193548
0.212903 0.180645 0.372043 0.234409
0.212903 0.111828 0.492473 0.182796
0.632258 0.083871 0.277419 0.006452
0.002151 0.004301 0.004301 0.989247
0.000000 0.000000 0.993548 0.006452
0.995699 0.000000 0.004301 0.000000
0.010753 0.490323 0.494624 0.004301
0.000000 0.000000 0.000000 1.000000
0.004301 0.982796 0.006452 0.006452
0.995699 0.002151 0.002151 0.000000
0.012903 0.270968 0.086022 0.630108
0.172043 0.445161 0.163441 0.219355
0.223656 0.367742 0.212903 0.195699
0.225806 0.307527 0.210753 0.255914
0.180645 0.268817 0.247312 0.303226
0.184946 0.253763 0.326882 0.234409
0.258065 0.266667 0.247312 0.227957
0.215054 0.258065 0.301075 0.225806
0.273118 0.221505 0.294624 0.210753
0.227957 0.245161 0.236559 0.290323
0.255914 0.212903 0.251613 0.279570
0.245161 0.243011 0.277419 0.234409

MOTIF motif_2 motif_2
letter-probability matrix: alength= 4 w= 24
0.209790 0.262238 0.433566 0.094406
0.241259 0.216783 0.311189 0.230769
0.202797 0.241259 0.307692 0.248252
0.328671 0.206294 0.237762 0.227273
0.146853 0.213287 0.297203 0.342657
0.258741 0.209790 0.262238 0.269231
0.332168 0.230769 0.185315 0.251748
0.185315 0.297203 0.321678 0.195804
0.304196 0.216783 0.195804 0.283217
0.300699 0.276224 0.199301 0.223776
0.262238 0.286713 0.300699 0.150350
0.269231 0.150350 0.283217 0.297203
0.192308 0.304196 0.272727 0.230769
0.241259 0.244755 0.230769 0.283217
0.157343 0.300699 0.328671 0.213287
0.237762 0.055944 0.335664 0.370629
0.171329 0.118881 0.587413 0.122378
0.681818 0.038462 0.241259 0.038462
0.000000 0.013986 0.013986 0.972028
0.024476 0.017483 0.926573 0.031469
0.979021 0.010490 0.006993 0.003497
0.020979 0.433566 0.538462 0.006993
0.010490 0.006993 0.006993 0.975524
0.006993 0.972028 0.017483 0.003497

MOTIF motif_6 motif_6
letter-probability matrix: alength= 4 w= 24
0.337209 0.104651 0.418605 0.139535
0.255814 0.244186 0.406977 0.093023
0.593023 0.058140 0.244186 0.104651
0.081395 0.023256 0.139535 0.755814
0.011628 0.046512 0.883721 0.058140
0.930233 0.034884 0.023256 0.011628
0.325581 0.337209 0.104651 0.232558
0.395349 0.093023 0.372093 0.139535
0.127907 0.069767 0.023256 0.779070
0.046512 0.837209 0.093023 0.023256
0.744186 0.116279 0.023256 0.116279
0.034884 0.337209 0.127907 0.500000
0.290698 0.337209 0.174419 0.197674
0.139535 0.186047 0.302326 0.372093
0.244186 0.255814 0.220930 0.279070
0.197674 0.313953 0.104651 0.383721
0.151163 0.151163 0.174419 0.523256
0.127907 0.546512 0.162791 0.162791
0.453488 0.267442 0.081395 0.197674
0.220930 0.418605 0.220930 0.139535
0.220930 0.151163 0.244186 0.383721
0.232558 0.465116 0.069767 0.232558
0.348837 0.116279 0.127907 0.406977
0.116279 0.093023 0.267442 0.523256

