MEME version 4

ALPHABET= ACGT

strands: + -

MOTIF motif_1 motif_1
letter-probability matrix: alength= 4 w= 24
0.236842 0.236842 0.192982 0.333333
0.210526 0.175439 0.447368 0.166667
0.219298 0.289474 0.324561 0.166667
0.254386 0.175439 0.324561 0.245614
0.289474 0.447368 0.122807 0.140351
0.464912 0.017544 0.078947 0.438596
0.000000 0.008772 0.991228 0.000000
0.026316 0.008772 0.964912 0.000000
0.000000 0.052632 0.929825 0.017544
0.052632 0.543860 0.000000 0.403509
0.035088 0.008772 0.912281 0.043860
0.000000 0.052632 0.219298 0.728070
0.149123 0.043860 0.657895 0.149123
0.140351 0.105263 0.570175 0.184211
0.096491 0.614035 0.078947 0.210526
0.070175 0.657895 0.052632 0.219298
0.149123 0.526316 0.245614 0.078947
0.192982 0.280702 0.219298 0.307018
0.114035 0.342105 0.245614 0.298246
0.192982 0.421053 0.210526 0.175439
0.140351 0.210526 0.254386 0.394737
0.219298 0.403509 0.070175 0.307018
0.140351 0.184211 0.175439 0.500000
0.157895 0.298246 0.333333 0.210526

MOTIF motif_13 motif_13
letter-probability matrix: alength= 4 w= 24
0.196721 0.098361 0.393443 0.311475
0.049180 0.598361 0.229508 0.122951
0.270492 0.598361 0.073770 0.057377
0.237705 0.155738 0.057377 0.549180
0.098361 0.450820 0.286885 0.163934
0.344262 0.090164 0.377049 0.188525
0.155738 0.303279 0.467213 0.073770
0.327869 0.122951 0.286885 0.262295
0.245902 0.106557 0.377049 0.270492
0.065574 0.016393 0.868852 0.049180
0.024590 0.180328 0.770492 0.024590
0.172131 0.024590 0.688525 0.114754
0.081967 0.672131 0.024590 0.221311
0.016393 0.106557 0.803279 0.073770
0.131148 0.155738 0.262295 0.450820
0.065574 0.229508 0.655738 0.049180
0.024590 0.024590 0.704918 0.245902
0.024590 0.655738 0.180328 0.139344
0.155738 0.639344 0.016393 0.188525
0.090164 0.532787 0.303279 0.073770
0.155738 0.590164 0.032787 0.221311
0.295082 0.131148 0.336066 0.237705
0.278689 0.303279 0.229508 0.188525
0.122951 0.483607 0.221311 0.172131

MOTIF motif_8 motif_8
letter-probability matrix: alength= 4 w= 24
0.166667 0.333333 0.313725 0.186275
0.176471 0.176471 0.558824 0.088235
0.333333 0.039216 0.598039 0.029412
0.039216 0.892157 0.000000 0.068627
0.088235 0.813725 0.029412 0.068627
0.568627 0.401961 0.009804 0.019608
0.000000 0.990196 0.000000 0.009804
0.656863 0.000000 0.323529 0.019608
0.000000 0.990196 0.000000 0.009804
0.019608 0.970588 0.000000 0.009804
0.000000 0.970588 0.000000 0.029412
0.323529 0.137255 0.019608 0.519608
0.254902 0.156863 0.303922 0.284314
0.147059 0.274510 0.392157 0.186275
0.215686 0.245098 0.186275 0.352941
0.205882 0.362745 0.225490 0.205882
0.294118 0.235294 0.176471 0.294118
0.225490 0.205882 0.274510 0.294118
0.147059 0.294118 0.460784 0.098039
0.313725 0.372549 0.147059 0.166667
0.500000 0.274510 0.058824 0.166667
0.225490 0.039216 0.205882 0.529412
0.117647 0.401961 0.294118 0.186275
0.303922 0.372549 0.029412 0.294118

MOTIF motif_2 motif_2
letter-probability matrix: alength= 4 w= 24
0.200000 0.317647 0.335294 0.147059
0.152941 0.352941 0.352941 0.141176
0.258824 0.088235 0.500000 0.152941
0.170588 0.005882 0.623529 0.200000
0.247059 0.617647 0.105882 0.029412
0.270588 0.670588 0.052941 0.005882
0.670588 0.258824 0.017647 0.052941
0.029412 0.941176 0.011765 0.017647
0.452941 0.029412 0.482353 0.035294
0.000000 0.970588 0.011765 0.017647
0.011765 0.876471 0.058824 0.052941
0.005882 0.905882 0.035294 0.052941
0.435294 0.164706 0.047059 0.352941
0.194118 0.276471 0.311765 0.217647
0.311765 0.258824 0.258824 0.170588
0.123529 0.370588 0.276471 0.229412
0.058824 0.300000 0.394118 0.247059
0.200000 0.335294 0.252941 0.211765
0.100000 0.288235 0.435294 0.176471
0.205882 0.247059 0.423529 0.123529
0.164706 0.223529 0.270588 0.341176
0.235294 0.411765 0.264706 0.088235
0.170588 0.235294 0.194118 0.400000
0.070588 0.317647 0.388235 0.223529

MOTIF motif_6 motif_6
letter-probability matrix: alength= 4 w= 24
0.273632 0.278607 0.203980 0.243781
0.258706 0.442786 0.159204 0.139303
0.507463 0.059701 0.159204 0.273632
0.049751 0.039801 0.905473 0.004975
0.024876 0.014925 0.940299 0.019900
0.004975 0.019900 0.935323 0.039801
0.079602 0.502488 0.034826 0.383085
0.034826 0.159204 0.766169 0.039801
0.014925 0.144279 0.383085 0.457711
0.094527 0.069652 0.711443 0.124378
0.039801 0.084577 0.721393 0.154229
0.064677 0.661692 0.079602 0.194030
0.079602 0.492537 0.179104 0.248756
0.049751 0.343284 0.393035 0.213930
0.159204 0.184080 0.363184 0.293532
0.164179 0.343284 0.338308 0.154229
0.273632 0.099502 0.208955 0.417910
0.213930 0.208955 0.323383 0.253731
0.199005 0.164179 0.432836 0.203980
0.199005 0.348259 0.263682 0.189055
0.278607 0.407960 0.124378 0.189055
0.303483 0.363184 0.119403 0.213930
0.243781 0.343284 0.238806 0.174129
0.273632 0.467662 0.089552 0.169154

