MEME version 4

ALPHABET= ACGT

strands: + -

MOTIF motif_1 motif_1
letter-probability matrix: alength= 4 w= 24
0.195980 0.256281 0.386935 0.160804
0.236181 0.170854 0.356784 0.236181
0.180905 0.281407 0.316583 0.221106
0.190955 0.396985 0.251256 0.160804
0.291457 0.256281 0.216080 0.236181
0.306533 0.231156 0.271357 0.190955
0.236181 0.195980 0.407035 0.160804
0.211055 0.185930 0.201005 0.402010
0.035176 0.251256 0.361809 0.351759
0.195980 0.437186 0.211055 0.155779
0.015075 0.180905 0.020101 0.783920
0.301508 0.000000 0.015075 0.683417
0.949749 0.005025 0.035176 0.010050
0.030151 0.005025 0.060302 0.904523
0.000000 0.954774 0.040201 0.005025
0.306533 0.075377 0.055276 0.562814
0.135678 0.165829 0.552764 0.145729
0.190955 0.281407 0.241206 0.286432
0.266332 0.160804 0.190955 0.381910
0.236181 0.316583 0.216080 0.231156
0.165829 0.351759 0.231156 0.251256
0.316583 0.256281 0.241206 0.185930
0.301508 0.221106 0.246231 0.231156
0.170854 0.447236 0.226131 0.155779

MOTIF motif_12 motif_12
letter-probability matrix: alength= 4 w= 24
0.161017 0.491525 0.059322 0.288136
0.177966 0.059322 0.584746 0.177966
0.110169 0.144068 0.610169 0.135593
0.245763 0.254237 0.050847 0.449153
0.067797 0.457627 0.110169 0.364407
0.152542 0.296610 0.186441 0.364407
0.389831 0.135593 0.152542 0.322034
0.533898 0.076271 0.254237 0.135593
0.381356 0.042373 0.279661 0.296610
0.000000 0.974576 0.000000 0.025424
0.093220 0.593220 0.008475 0.305085
0.355932 0.042373 0.525424 0.076271
0.000000 0.093220 0.872881 0.033898
0.211864 0.389831 0.076271 0.322034
0.127119 0.161017 0.059322 0.652542
0.305085 0.330508 0.059322 0.305085
0.372881 0.211864 0.364407 0.050847
0.677966 0.016949 0.271186 0.033898
0.355932 0.016949 0.516949 0.110169
0.093220 0.779661 0.101695 0.025424
0.161017 0.669492 0.000000 0.169492
0.432203 0.033898 0.466102 0.067797
0.084746 0.101695 0.796610 0.016949
0.059322 0.567797 0.067797 0.305085

MOTIF motif_11 motif_11
letter-probability matrix: alength= 4 w= 24
0.580357 0.053571 0.017857 0.348214
0.053571 0.026786 0.910714 0.008929
0.910714 0.008929 0.062500 0.017857
0.116071 0.035714 0.017857 0.830357
0.937500 0.017857 0.035714 0.008929
0.776786 0.035714 0.142857 0.044643
0.017857 0.232143 0.669643 0.080357
0.464286 0.258929 0.241071 0.035714
0.357143 0.250000 0.160714 0.232143
0.392857 0.223214 0.214286 0.169643
0.500000 0.107143 0.151786 0.241071
0.321429 0.223214 0.232143 0.223214
0.178571 0.562500 0.116071 0.142857
0.232143 0.348214 0.160714 0.258929
0.214286 0.125000 0.455357 0.205357
0.232143 0.321429 0.187500 0.258929
0.169643 0.330357 0.187500 0.312500
0.214286 0.142857 0.258929 0.383929
0.214286 0.241071 0.330357 0.214286
0.321429 0.285714 0.276786 0.116071
0.169643 0.214286 0.223214 0.392857
0.214286 0.375000 0.285714 0.125000
0.312500 0.205357 0.267857 0.214286
0.258929 0.196429 0.401786 0.142857

MOTIF motif_2 motif_2
letter-probability matrix: alength= 4 w= 24
0.296296 0.022222 0.377778 0.303704
0.000000 0.851852 0.133333 0.014815
0.059259 0.533333 0.066667 0.340741
0.237037 0.007407 0.674074 0.081481
0.000000 0.118519 0.866667 0.014815
0.125926 0.340741 0.022222 0.511111
0.177778 0.155556 0.207407 0.459259
0.074074 0.340741 0.333333 0.251852
0.288889 0.348148 0.229630 0.133333
0.644444 0.059259 0.148148 0.148148
0.400000 0.022222 0.511111 0.066667
0.000000 0.933333 0.066667 0.000000
0.162963 0.503704 0.014815 0.318519
0.355556 0.000000 0.622222 0.022222
0.044444 0.000000 0.955556 0.000000
0.155556 0.348148 0.103704 0.392593
0.103704 0.325926 0.051852 0.518519
0.155556 0.274074 0.237037 0.333333
0.348148 0.118519 0.348148 0.185185
0.325926 0.148148 0.414815 0.111111
0.518519 0.162963 0.207407 0.111111
0.111111 0.733333 0.074074 0.081481
0.133333 0.540741 0.059259 0.266667
0.355556 0.125926 0.422222 0.096296

