MEME version 4

ALPHABET= ACGT

strands: + -

MOTIF motif_1 motif_1
letter-probability matrix: alength= 4 w= 24
0.497143 0.097143 0.337143 0.068571
0.485714 0.062857 0.360000 0.091429
0.097143 0.017143 0.868571 0.017143
0.005714 0.005714 0.560000 0.428571
0.062857 0.011429 0.925714 0.000000
0.000000 0.005714 0.994286 0.000000
0.000000 0.017143 0.982857 0.000000
0.005714 0.851429 0.005714 0.137143
0.005714 0.005714 0.988571 0.000000
0.005714 0.000000 0.365714 0.628571
0.102857 0.045714 0.771429 0.080000
0.057143 0.034286 0.691429 0.217143
0.051429 0.691429 0.091429 0.165714
0.194286 0.434286 0.165714 0.205714
0.068571 0.320000 0.440000 0.171429
0.165714 0.325714 0.314286 0.194286
0.102857 0.280000 0.337143 0.280000
0.177143 0.251429 0.422857 0.148571
0.171429 0.274286 0.354286 0.200000
0.182857 0.211429 0.394286 0.211429
0.205714 0.280000 0.320000 0.194286
0.142857 0.297143 0.371429 0.188571
0.205714 0.308571 0.285714 0.200000
0.091429 0.325714 0.342857 0.240000

MOTIF motif_2 motif_2
letter-probability matrix: alength= 4 w= 24
0.175824 0.252747 0.401099 0.170330
0.109890 0.406593 0.346154 0.137363
0.164835 0.203297 0.467033 0.164835
0.142857 0.131868 0.697802 0.027473
0.219780 0.686813 0.054945 0.038462
0.137363 0.752747 0.027473 0.082418
0.692308 0.307692 0.000000 0.000000
0.000000 1.000000 0.000000 0.000000
0.170330 0.000000 0.807692 0.021978
0.000000 0.994505 0.000000 0.005495
0.021978 0.978022 0.000000 0.000000
0.000000 0.967033 0.005495 0.027473
0.538462 0.417582 0.000000 0.043956
0.027473 0.829670 0.000000 0.142857
0.054945 0.390110 0.071429 0.483516
0.098901 0.318681 0.049451 0.532967
0.120879 0.351648 0.247253 0.280220
0.131868 0.368132 0.241758 0.258242
0.208791 0.313187 0.329670 0.148352
0.192308 0.362637 0.241758 0.203297
0.225275 0.324176 0.291209 0.159341
0.219780 0.313187 0.230769 0.236264
0.208791 0.313187 0.263736 0.214286
0.170330 0.340659 0.384615 0.104396

