MEME version 4

ALPHABET= ACGT

strands: + -

MOTIF motif_10 motif_10
letter-probability matrix: alength= 4 w= 24
0.283186 0.292035 0.230088 0.194690
0.353982 0.353982 0.221239 0.070796
0.318584 0.212389 0.230088 0.238938
0.132743 0.274336 0.362832 0.230088
0.238938 0.168142 0.230088 0.362832
0.318584 0.212389 0.247788 0.221239
0.185841 0.230088 0.123894 0.460177
0.212389 0.097345 0.230088 0.460177
0.398230 0.247788 0.176991 0.176991
0.221239 0.230088 0.300885 0.247788
0.309735 0.230088 0.185841 0.274336
0.486726 0.150442 0.203540 0.159292
0.823009 0.088496 0.000000 0.088496
0.008850 0.548673 0.415929 0.026549
0.637168 0.061947 0.000000 0.300885
0.053097 0.026549 0.079646 0.840708
0.176991 0.734513 0.035398 0.053097
0.911504 0.026549 0.000000 0.061947
0.929204 0.017699 0.053097 0.000000
0.955752 0.008850 0.035398 0.000000
0.017699 0.026549 0.946903 0.008850
0.318584 0.123894 0.486726 0.070796
0.380531 0.283186 0.318584 0.017699
0.522124 0.150442 0.185841 0.141593

