MEME version 4

ALPHABET= ACGT

strands: + -

MOTIF motif_1 motif_1
letter-probability matrix: alength= 4 w= 24
0.536364 0.022727 0.052273 0.388636
0.454545 0.045455 0.025000 0.475000
0.327273 0.177273 0.102273 0.393182
0.102273 0.029545 0.031818 0.836364
0.031818 0.063636 0.890909 0.013636
0.079545 0.838636 0.006818 0.075000
0.109091 0.109091 0.004545 0.777273
0.111364 0.031818 0.675000 0.181818
0.809091 0.047727 0.034091 0.109091
0.088636 0.438636 0.388636 0.084091
0.106818 0.036364 0.018182 0.838636
0.115909 0.727273 0.034091 0.122727
0.788636 0.013636 0.095455 0.102273
0.068182 0.015909 0.811364 0.104545
0.015909 0.902273 0.040909 0.040909
0.775000 0.040909 0.054545 0.129545
0.406818 0.140909 0.156818 0.295455
0.375000 0.022727 0.054545 0.547727
0.347727 0.029545 0.036364 0.586364
0.252273 0.125000 0.040909 0.581818
0.190909 0.172727 0.106818 0.529545
0.275000 0.184091 0.193182 0.347727
0.347727 0.177273 0.177273 0.297727
0.313636 0.175000 0.222727 0.288636

MOTIF motif_11 motif_11
letter-probability matrix: alength= 4 w= 24
0.314346 0.198312 0.162447 0.324895
0.305907 0.198312 0.170886 0.324895
0.295359 0.166667 0.189873 0.348101
0.301688 0.183544 0.229958 0.284810
0.413502 0.181435 0.164557 0.240506
0.531646 0.120253 0.139241 0.208861
0.544304 0.035865 0.118143 0.301688
0.554852 0.023207 0.037975 0.383966
0.457806 0.040084 0.025316 0.476793
0.305907 0.175105 0.103376 0.415612
0.092827 0.025316 0.025316 0.856540
0.027426 0.044304 0.919831 0.008439
0.103376 0.835443 0.004219 0.056962
0.092827 0.099156 0.006329 0.801688
0.101266 0.025316 0.717300 0.156118
0.852321 0.033755 0.021097 0.092827
0.078059 0.436709 0.390295 0.094937
0.143460 0.044304 0.048523 0.763713
0.097046 0.670886 0.033755 0.198312
0.740506 0.050633 0.101266 0.107595
0.120253 0.006329 0.789030 0.084388
0.014768 0.860759 0.088608 0.035865
0.757384 0.090717 0.042194 0.109705
0.449367 0.107595 0.149789 0.293249

MOTIF motif_5 motif_5
letter-probability matrix: alength= 4 w= 24
0.315574 0.225410 0.143443 0.315574
0.360656 0.184426 0.209016 0.245902
0.270492 0.213115 0.200820 0.315574
0.381148 0.200820 0.172131 0.245902
0.418033 0.172131 0.127049 0.282787
0.614754 0.069672 0.122951 0.192623
0.590164 0.012295 0.147541 0.250000
0.540984 0.016393 0.049180 0.393443
0.368852 0.106557 0.040984 0.483607
0.336066 0.090164 0.061475 0.512295
0.057377 0.036885 0.254098 0.651639
0.065574 0.254098 0.663934 0.016393
0.192623 0.524590 0.024590 0.258197
0.245902 0.184426 0.114754 0.454918
0.401639 0.049180 0.295082 0.254098
0.508197 0.151639 0.118852 0.221311
0.155738 0.176230 0.627049 0.040984
0.028689 0.004098 0.004098 0.963115
0.061475 0.922131 0.000000 0.016393
0.987705 0.000000 0.004098 0.008197
0.000000 0.000000 0.950820 0.049180
0.040984 0.954918 0.004098 0.000000
0.877049 0.000000 0.045082 0.077869
0.442623 0.118852 0.172131 0.266393

MOTIF motif_14 motif_14
letter-probability matrix: alength= 4 w= 24
0.407216 0.190722 0.226804 0.175258
0.195876 0.350515 0.123711 0.329897
0.180412 0.324742 0.257732 0.237113
0.396907 0.278351 0.103093 0.221649
0.484536 0.190722 0.195876 0.128866
0.541237 0.113402 0.278351 0.067010
0.804124 0.051546 0.108247 0.036082
0.654639 0.067010 0.103093 0.175258
0.690722 0.056701 0.015464 0.237113
0.489691 0.164948 0.195876 0.149485
0.175258 0.061856 0.092784 0.670103
0.134021 0.092784 0.592784 0.180412
0.103093 0.788660 0.056701 0.051546
0.381443 0.159794 0.036082 0.422680
0.257732 0.051546 0.484536 0.206186
0.706186 0.020619 0.185567 0.087629
0.164948 0.345361 0.402062 0.087629
0.108247 0.247423 0.092784 0.551546
0.082474 0.675258 0.051546 0.190722
0.695876 0.041237 0.046392 0.216495
0.072165 0.015464 0.773196 0.139175
0.077320 0.814433 0.087629 0.020619
0.829897 0.030928 0.020619 0.118557
0.195876 0.103093 0.123711 0.577320

