MEME version 4

ALPHABET= ACGT

strands: + -

MOTIF motif_1 motif_1
letter-probability matrix: alength= 4 w= 24
0.297436 0.317949 0.189744 0.194872
0.246154 0.251282 0.148718 0.353846
0.317949 0.210256 0.148718 0.323077
0.358974 0.153846 0.179487 0.307692
0.246154 0.251282 0.287179 0.215385
0.230769 0.266667 0.230769 0.271795
0.410256 0.112821 0.246154 0.230769
0.215385 0.205128 0.307692 0.271795
0.292308 0.246154 0.153846 0.307692
0.400000 0.194872 0.194872 0.210256
0.610256 0.041026 0.143590 0.205128
0.569231 0.030769 0.097436 0.302564
0.523077 0.082051 0.025641 0.369231
0.189744 0.205128 0.087179 0.517949
0.087179 0.041026 0.020513 0.851282
0.005128 0.005128 0.984615 0.005128
0.051282 0.912821 0.005128 0.030769
0.071795 0.071795 0.000000 0.856410
0.071795 0.046154 0.774359 0.107692
0.866667 0.041026 0.015385 0.076923
0.071795 0.241026 0.666667 0.020513
0.010256 0.000000 0.015385 0.974359
0.030769 0.933333 0.015385 0.020513
0.958974 0.005128 0.025641 0.010256

MOTIF motif_13 motif_13
letter-probability matrix: alength= 4 w= 24
0.315534 0.199029 0.237864 0.247573
0.567961 0.072816 0.092233 0.266990
0.587379 0.038835 0.033981 0.339806
0.402913 0.058252 0.058252 0.480583
0.291262 0.247573 0.082524 0.378641
0.058252 0.043689 0.000000 0.898058
0.004854 0.009709 0.980583 0.004854
0.145631 0.771845 0.004854 0.077670
0.058252 0.160194 0.009709 0.771845
0.063107 0.014563 0.737864 0.184466
0.771845 0.082524 0.029126 0.116505
0.169903 0.165049 0.645631 0.019417
0.004854 0.009709 0.058252 0.927184
0.019417 0.956311 0.009709 0.014563
0.966019 0.000000 0.019417 0.014563
0.029126 0.247573 0.174757 0.548544
0.087379 0.417476 0.203883 0.291262
0.296117 0.189320 0.213592 0.300971
0.262136 0.169903 0.101942 0.466019
0.286408 0.286408 0.150485 0.276699
0.334951 0.194175 0.121359 0.349515
0.266990 0.213592 0.106796 0.412621
0.378641 0.155340 0.126214 0.339806
0.169903 0.291262 0.233010 0.305825

MOTIF motif_12 motif_12
letter-probability matrix: alength= 4 w= 24
0.356164 0.328767 0.123288 0.191781
0.794521 0.013699 0.054795 0.136986
0.602740 0.082192 0.164384 0.150685
0.397260 0.109589 0.150685 0.342466
0.123288 0.068493 0.397260 0.410959
0.164384 0.164384 0.123288 0.547945
0.178082 0.191781 0.136986 0.493151
0.123288 0.246575 0.493151 0.136986
0.260274 0.438356 0.082192 0.219178
0.301370 0.232877 0.164384 0.301370
0.424658 0.136986 0.164384 0.273973
0.232877 0.136986 0.068493 0.561644
0.109589 0.136986 0.684932 0.068493
0.150685 0.041096 0.068493 0.739726
0.054795 0.917808 0.013699 0.013699
0.698630 0.041096 0.095890 0.164384
0.136986 0.000000 0.739726 0.123288
0.013699 0.821918 0.068493 0.095890
0.602740 0.123288 0.041096 0.232877
0.191781 0.123288 0.164384 0.520548
0.273973 0.232877 0.013699 0.479452
0.150685 0.136986 0.041096 0.671233
0.054795 0.068493 0.041096 0.835616
0.191781 0.054795 0.301370 0.452055

MOTIF motif_11 motif_11
letter-probability matrix: alength= 4 w= 24
0.267416 0.213483 0.240449 0.278652
0.296629 0.191011 0.224719 0.287640
0.278652 0.159551 0.298876 0.262921
0.262921 0.226966 0.256180 0.253933
0.346067 0.211236 0.175281 0.267416
0.400000 0.150562 0.217978 0.231461
0.440449 0.069663 0.195506 0.294382
0.505618 0.094382 0.085393 0.314607
0.417978 0.116854 0.132584 0.332584
0.325843 0.188764 0.105618 0.379775
0.155056 0.107865 0.107865 0.629213
0.116854 0.053933 0.748315 0.080899
0.280899 0.573034 0.096629 0.049438
0.074157 0.114607 0.006742 0.804494
0.094382 0.035955 0.775281 0.094382
0.874157 0.031461 0.020225 0.074157
0.083146 0.404494 0.480899 0.031461
0.031461 0.004494 0.004494 0.959551
0.044944 0.883146 0.024719 0.047191
0.948315 0.000000 0.029213 0.022472
0.020225 0.103371 0.519101 0.357303
0.056180 0.707865 0.119101 0.116854
0.557303 0.137079 0.130337 0.175281
0.350562 0.188764 0.157303 0.303371

MOTIF motif_5 motif_5
letter-probability matrix: alength= 4 w= 24
0.294872 0.183761 0.260684 0.260684
0.384615 0.209402 0.222222 0.183761
0.397436 0.179487 0.188034 0.235043
0.397436 0.115385 0.200855 0.286325
0.427350 0.141026 0.183761 0.247863
0.405983 0.132479 0.230769 0.230769
0.452991 0.153846 0.145299 0.247863
0.183761 0.179487 0.247863 0.388889
0.205128 0.119658 0.564103 0.111111
0.572650 0.299145 0.115385 0.012821
0.004274 0.000000 0.000000 0.995726
0.004274 0.000000 0.987179 0.008547
0.995726 0.000000 0.004274 0.000000
0.025641 0.820513 0.102564 0.051282
0.098291 0.008547 0.021368 0.871795
0.111111 0.675214 0.047009 0.166667
0.739316 0.008547 0.136752 0.115385
0.068376 0.111111 0.730769 0.089744
0.098291 0.858974 0.017094 0.025641
0.764957 0.017094 0.102564 0.115385
0.423077 0.141026 0.213675 0.222222
0.393162 0.029915 0.076923 0.500000
0.299145 0.042735 0.051282 0.606838
0.243590 0.209402 0.029915 0.517094

