MEME version 4

ALPHABET= ACGT

strands: + -

MOTIF motif_1 motif_1
letter-probability matrix: alength= 4 w= 24
0.542411 0.035714 0.051339 0.370536
0.482143 0.053571 0.042411 0.421875
0.290179 0.171875 0.129464 0.408482
0.078125 0.017857 0.125000 0.779018
0.020089 0.145089 0.825893 0.008929
0.084821 0.772321 0.002232 0.140625
0.133929 0.116071 0.069196 0.680804
0.203125 0.031250 0.604911 0.160714
0.718750 0.066964 0.095982 0.118304
0.084821 0.428571 0.424107 0.062500
0.075893 0.022321 0.024554 0.877232
0.138393 0.750000 0.040179 0.071429
0.850446 0.006696 0.066964 0.075893
0.037946 0.006696 0.892857 0.062500
0.011161 0.937500 0.042411 0.008929
0.868304 0.006696 0.051339 0.073661
0.366071 0.156250 0.180804 0.296875
0.426339 0.051339 0.042411 0.479911
0.330357 0.066964 0.058036 0.544643
0.256696 0.162946 0.073661 0.506696
0.183036 0.160714 0.136161 0.520089
0.236607 0.183036 0.218750 0.361607
0.321429 0.198661 0.200893 0.279018
0.334821 0.187500 0.171875 0.305804

MOTIF motif_11 motif_11
letter-probability matrix: alength= 4 w= 24
0.317204 0.180108 0.201613 0.301075
0.314516 0.201613 0.180108 0.303763
0.284946 0.177419 0.201613 0.336022
0.330645 0.204301 0.182796 0.282258
0.362903 0.212366 0.204301 0.220430
0.486559 0.134409 0.188172 0.190860
0.537634 0.040323 0.137097 0.284946
0.583333 0.026882 0.056452 0.333333
0.545699 0.029570 0.051075 0.373656
0.317204 0.169355 0.147849 0.365591
0.069892 0.016129 0.002688 0.911290
0.005376 0.024194 0.967742 0.002688
0.094086 0.887097 0.000000 0.018817
0.016129 0.026882 0.002688 0.954301
0.021505 0.000000 0.865591 0.112903
0.959677 0.005376 0.010753 0.024194
0.037634 0.583333 0.306452 0.072581
0.163978 0.077957 0.096774 0.661290
0.134409 0.524194 0.061828 0.279570
0.658602 0.107527 0.096774 0.137097
0.209677 0.008065 0.701613 0.080645
0.013441 0.741935 0.201613 0.043011
0.690860 0.190860 0.037634 0.080645
0.456989 0.129032 0.153226 0.260753

MOTIF motif_5 motif_5
letter-probability matrix: alength= 4 w= 24
0.291513 0.206642 0.206642 0.295203
0.346863 0.217712 0.214022 0.221402
0.258303 0.250923 0.147601 0.343173
0.317343 0.202952 0.184502 0.295203
0.435424 0.173432 0.169742 0.221402
0.483395 0.136531 0.151292 0.228782
0.505535 0.025830 0.114391 0.354244
0.520295 0.047970 0.014760 0.416974
0.424354 0.070111 0.047970 0.457565
0.254613 0.151292 0.110701 0.483395
0.081181 0.025830 0.180812 0.712177
0.029520 0.210332 0.749077 0.011070
0.095941 0.697417 0.003690 0.202952
0.199262 0.169742 0.088561 0.542435
0.295203 0.055351 0.450185 0.199262
0.579336 0.114391 0.121771 0.184502
0.121771 0.243542 0.594096 0.040590
0.011070 0.000000 0.000000 0.988930
0.051661 0.933579 0.011070 0.003690
0.981550 0.000000 0.011070 0.007380
0.007380 0.000000 0.937269 0.055351
0.000000 0.981550 0.018450 0.000000
0.933579 0.007380 0.022140 0.036900
0.405904 0.125461 0.195572 0.273063

MOTIF motif_10 motif_10
letter-probability matrix: alength= 4 w= 24
0.325670 0.180077 0.222222 0.272031
0.325670 0.134100 0.199234 0.340996
0.321839 0.187739 0.199234 0.291188
0.463602 0.180077 0.172414 0.183908
0.540230 0.145594 0.157088 0.157088
0.559387 0.053640 0.176245 0.210728
0.681992 0.042146 0.034483 0.241379
0.643678 0.022989 0.019157 0.314176
0.413793 0.203065 0.172414 0.210728
0.065134 0.015326 0.003831 0.915709
0.011494 0.015326 0.965517 0.007663
0.076628 0.888889 0.003831 0.030651
0.157088 0.114943 0.007663 0.720307
0.111111 0.026820 0.693487 0.168582
0.800766 0.030651 0.053640 0.114943
0.072797 0.551724 0.325670 0.049808
0.103448 0.019157 0.019157 0.858238
0.095785 0.785441 0.065134 0.053640
0.831418 0.003831 0.076628 0.088123
0.042146 0.011494 0.888889 0.057471
0.011494 0.942529 0.034483 0.011494
0.808429 0.015326 0.042146 0.134100
0.295019 0.176245 0.164751 0.363985
0.406130 0.038314 0.026820 0.528736

MOTIF motif_14 motif_14
letter-probability matrix: alength= 4 w= 24
0.296296 0.195286 0.208754 0.299663
0.370370 0.185185 0.218855 0.225589
0.289562 0.195286 0.175084 0.340067
0.329966 0.191919 0.195286 0.282828
0.447811 0.168350 0.205387 0.178451
0.491582 0.161616 0.175084 0.171717
0.535354 0.050505 0.171717 0.242424
0.622896 0.040404 0.030303 0.306397
0.595960 0.040404 0.033670 0.329966
0.363636 0.161616 0.154882 0.319865
0.101010 0.030303 0.020202 0.848485
0.020202 0.050505 0.909091 0.020202
0.084175 0.878788 0.000000 0.037037
0.185185 0.127946 0.003367 0.683502
0.131313 0.043771 0.619529 0.205387
0.760943 0.040404 0.063973 0.134680
0.094276 0.367003 0.481481 0.057239
0.037037 0.016835 0.013468 0.932660
0.067340 0.888889 0.013468 0.030303
0.929293 0.000000 0.040404 0.030303
0.013468 0.003367 0.942761 0.040404
0.006734 0.966330 0.016835 0.010101
0.875421 0.006734 0.040404 0.077441
0.336700 0.175084 0.185185 0.303030

