MEME version 4

ALPHABET= ACGT

strands: + -

MOTIF motif_1 motif_1
letter-probability matrix: alength= 4 w= 24
0.192593 0.055556 0.529630 0.222222
0.092593 0.407407 0.392593 0.107407
0.203704 0.303704 0.348148 0.144444
0.114815 0.648148 0.062963 0.174074
0.140741 0.411111 0.155556 0.292593
0.111111 0.329630 0.192593 0.366667
0.222222 0.414815 0.170370 0.192593
0.100000 0.459259 0.281481 0.159259
0.274074 0.318519 0.229630 0.177778
0.200000 0.270370 0.259259 0.270370
0.140741 0.359259 0.422222 0.077778
0.177778 0.325926 0.340741 0.155556
0.196296 0.470370 0.270370 0.062963
0.359259 0.288889 0.285185 0.066667
0.062963 0.862963 0.044444 0.029630
0.659259 0.025926 0.196296 0.118519
0.029630 0.622222 0.003704 0.344444
0.040741 0.033333 0.896296 0.029630
0.103704 0.033333 0.129630 0.733333
0.011111 0.040741 0.837037 0.111111
0.081481 0.374074 0.322222 0.222222
0.125926 0.129630 0.348148 0.396296
0.033333 0.485185 0.237037 0.244444
0.174074 0.366667 0.318519 0.140741

MOTIF motif_2 motif_2
letter-probability matrix: alength= 4 w= 24
0.175847 0.338983 0.300847 0.184322
0.220339 0.332627 0.305085 0.141949
0.226695 0.211864 0.436441 0.125000
0.347458 0.190678 0.319915 0.141949
0.148305 0.478814 0.366525 0.006356
0.023305 0.966102 0.004237 0.006356
0.875000 0.000000 0.095339 0.029661
0.000000 0.904661 0.006356 0.088983
0.129237 0.006356 0.864407 0.000000
0.048729 0.044492 0.002119 0.904661
0.002119 0.000000 0.991525 0.006356
0.012712 0.370763 0.483051 0.133475
0.180085 0.341102 0.201271 0.277542
0.161017 0.328390 0.230932 0.279661
0.137712 0.328390 0.364407 0.169492
0.188559 0.326271 0.305085 0.180085
0.175847 0.279661 0.391949 0.152542
0.163136 0.305085 0.381356 0.150424
0.184322 0.360169 0.288136 0.167373
0.165254 0.311441 0.305085 0.218220
0.165254 0.334746 0.315678 0.184322
0.192797 0.288136 0.332627 0.186441
0.180085 0.275424 0.330508 0.213983
0.167373 0.345339 0.313559 0.173729

MOTIF motif_10 motif_10
letter-probability matrix: alength= 4 w= 24
0.141643 0.325779 0.317280 0.215297
0.195467 0.305949 0.368272 0.130312
0.223796 0.328612 0.322946 0.124646
0.427762 0.192635 0.249292 0.130312
0.155807 0.424929 0.405099 0.014164
0.005666 0.983003 0.002833 0.008499
0.872521 0.005666 0.090652 0.031161
0.011331 0.917847 0.011331 0.059490
0.048159 0.005666 0.946176 0.000000
0.087819 0.135977 0.014164 0.762040
0.014164 0.002833 0.968839 0.014164
0.042493 0.263456 0.626062 0.067989
0.201133 0.396601 0.181303 0.220963
0.127479 0.252125 0.345609 0.274788
0.161473 0.430595 0.303116 0.104816
0.212465 0.260623 0.311615 0.215297
0.184136 0.359773 0.314448 0.141643
0.189802 0.280453 0.277620 0.252125
0.181303 0.385269 0.263456 0.169972
0.206799 0.286119 0.246459 0.260623
0.212465 0.229462 0.322946 0.235127
0.079320 0.314448 0.501416 0.104816
0.107649 0.405099 0.359773 0.127479
0.240793 0.371105 0.172805 0.215297

MOTIF motif_6 motif_6
letter-probability matrix: alength= 4 w= 24
0.309417 0.053812 0.417040 0.219731
0.112108 0.524664 0.242152 0.121076
0.318386 0.340807 0.161435 0.179372
0.269058 0.197309 0.309417 0.224215
0.165919 0.219731 0.426009 0.188341
0.183857 0.363229 0.170404 0.282511
0.228700 0.282511 0.327354 0.161435
0.381166 0.183857 0.295964 0.139013
0.201794 0.439462 0.313901 0.044843
0.067265 0.838565 0.026906 0.067265
0.744395 0.000000 0.224215 0.031390
0.004484 0.964126 0.000000 0.031390
0.049327 0.017937 0.910314 0.022422
0.053812 0.161435 0.013453 0.771300
0.022422 0.076233 0.789238 0.112108
0.026906 0.421525 0.273543 0.278027
0.139013 0.291480 0.237668 0.331839
0.134529 0.304933 0.152466 0.408072
0.242152 0.286996 0.210762 0.260090
0.156951 0.372197 0.174888 0.295964
0.130045 0.363229 0.242152 0.264574
0.251121 0.219731 0.313901 0.215247
0.067265 0.161435 0.479821 0.291480
0.040359 0.452915 0.206278 0.300448

