MEME version 4

ALPHABET= ACGT

strands: + -

MOTIF motif_1 motif_1
letter-probability matrix: alength= 4 w= 24
0.243119 0.206422 0.229358 0.321101
0.233945 0.270642 0.238532 0.256881
0.224771 0.247706 0.256881 0.270642
0.224771 0.197248 0.252294 0.325688
0.288991 0.197248 0.238532 0.275229
0.247706 0.224771 0.279817 0.247706
0.261468 0.321101 0.233945 0.183486
0.252294 0.238532 0.211009 0.298165
0.220183 0.298165 0.247706 0.233945
0.316514 0.243119 0.174312 0.266055
0.252294 0.174312 0.362385 0.211009
0.252294 0.105505 0.394495 0.247706
0.288991 0.064220 0.298165 0.348624
0.105505 0.077982 0.426606 0.389908
0.022936 0.889908 0.027523 0.059633
0.000000 0.220183 0.000000 0.779817
0.981651 0.004587 0.000000 0.013761
0.477064 0.000000 0.055046 0.467890
0.669725 0.000000 0.004587 0.325688
0.706422 0.000000 0.000000 0.293578
0.825688 0.000000 0.000000 0.174312
0.004587 0.000000 0.000000 0.995413
0.990826 0.000000 0.009174 0.000000
0.055046 0.000000 0.926606 0.018349

MOTIF motif_13 motif_13
letter-probability matrix: alength= 4 w= 24
0.200000 0.045455 0.100000 0.654545
0.081818 0.209091 0.300000 0.409091
0.045455 0.909091 0.018182 0.027273
0.054545 0.027273 0.018182 0.900000
0.881818 0.018182 0.036364 0.063636
0.090909 0.009091 0.027273 0.872727
0.236364 0.009091 0.018182 0.736364
0.045455 0.090909 0.072727 0.790909
0.063636 0.309091 0.063636 0.563636
0.427273 0.009091 0.090909 0.472727
0.172727 0.009091 0.818182 0.000000
0.036364 0.009091 0.681818 0.272727
0.500000 0.272727 0.118182 0.109091
0.336364 0.163636 0.272727 0.227273
0.363636 0.227273 0.190909 0.218182
0.181818 0.172727 0.200000 0.445455
0.118182 0.136364 0.327273 0.418182
0.354545 0.190909 0.300000 0.154545
0.454545 0.218182 0.136364 0.190909
0.072727 0.309091 0.327273 0.290909
0.100000 0.345455 0.145455 0.409091
0.172727 0.445455 0.172727 0.209091
0.427273 0.100000 0.118182 0.354545
0.218182 0.336364 0.209091 0.236364

MOTIF motif_11 motif_11
letter-probability matrix: alength= 4 w= 24
0.336283 0.115044 0.300885 0.247788
0.398230 0.097345 0.353982 0.150442
0.345133 0.159292 0.283186 0.212389
0.238938 0.292035 0.132743 0.336283
0.451327 0.212389 0.238938 0.097345
0.008850 0.026549 0.008850 0.955752
0.035398 0.097345 0.840708 0.026549
0.946903 0.008850 0.026549 0.017699
0.008850 0.477876 0.469027 0.044248
0.044248 0.008850 0.035398 0.911504
0.070796 0.734513 0.097345 0.097345
0.946903 0.035398 0.017699 0.000000
0.159292 0.336283 0.247788 0.256637
0.327434 0.309735 0.141593 0.221239
0.230088 0.176991 0.389381 0.203540
0.106195 0.221239 0.477876 0.194690
0.150442 0.150442 0.230088 0.469027
0.318584 0.194690 0.221239 0.265487
0.247788 0.238938 0.283186 0.230088
0.300885 0.185841 0.247788 0.265487
0.141593 0.194690 0.221239 0.442478
0.265487 0.097345 0.185841 0.451327
0.097345 0.194690 0.238938 0.469027
0.345133 0.194690 0.176991 0.283186

MOTIF motif_5 motif_5
letter-probability matrix: alength= 4 w= 24
0.264045 0.061798 0.280899 0.393258
0.106742 0.056180 0.393258 0.443820
0.050562 0.820225 0.044944 0.084270
0.005618 0.477528 0.000000 0.516854
0.814607 0.073034 0.016854 0.095506
0.780899 0.011236 0.101124 0.106742
0.966292 0.000000 0.028090 0.005618
0.949438 0.005618 0.011236 0.033708
0.910112 0.011236 0.022472 0.056180
0.011236 0.005618 0.000000 0.983146
0.955056 0.005618 0.039326 0.000000
0.129213 0.016854 0.837079 0.016854
0.387640 0.471910 0.044944 0.095506
0.286517 0.303371 0.089888 0.320225
0.191011 0.331461 0.117978 0.359551
0.247191 0.269663 0.168539 0.314607
0.314607 0.089888 0.264045 0.331461
0.168539 0.185393 0.426966 0.219101
0.202247 0.252809 0.303371 0.241573
0.264045 0.224719 0.303371 0.207865
0.191011 0.264045 0.196629 0.348315
0.230337 0.337079 0.196629 0.235955
0.342697 0.269663 0.185393 0.202247
0.264045 0.292135 0.207865 0.235955

MOTIF motif_10 motif_10
letter-probability matrix: alength= 4 w= 24
0.237705 0.090164 0.532787 0.139344
0.311475 0.073770 0.491803 0.122951
0.090164 0.073770 0.163934 0.672131
0.049180 0.172131 0.122951 0.655738
0.081967 0.877049 0.032787 0.008197
0.008197 0.049180 0.008197 0.934426
0.688525 0.016393 0.172131 0.122951
0.049180 0.114754 0.065574 0.770492
0.065574 0.073770 0.000000 0.860656
0.016393 0.024590 0.016393 0.942623
0.229508 0.155738 0.098361 0.516393
0.147541 0.049180 0.229508 0.573770
0.508197 0.139344 0.336066 0.016393
0.188525 0.040984 0.532787 0.237705
0.163934 0.606557 0.098361 0.131148
0.114754 0.360656 0.147541 0.377049
0.385246 0.221311 0.131148 0.262295
0.270492 0.163934 0.221311 0.344262
0.188525 0.262295 0.352459 0.196721
0.450820 0.229508 0.155738 0.163934
0.352459 0.344262 0.237705 0.065574
0.286885 0.180328 0.204918 0.327869
0.139344 0.393443 0.319672 0.147541
0.286885 0.262295 0.213115 0.237705

MOTIF motif_6 motif_6
letter-probability matrix: alength= 4 w= 24
0.500000 0.184211 0.184211 0.131579
0.447368 0.131579 0.368421 0.052632
0.500000 0.184211 0.263158 0.052632
0.105263 0.026316 0.026316 0.842105
0.000000 0.026316 0.657895 0.315789
0.578947 0.236842 0.105263 0.078947
0.105263 0.289474 0.184211 0.421053
0.210526 0.105263 0.631579 0.052632
0.000000 0.000000 0.105263 0.894737
0.157895 0.763158 0.078947 0.000000
0.947368 0.026316 0.026316 0.000000
0.052632 0.342105 0.131579 0.473684
0.236842 0.315789 0.105263 0.342105
0.131579 0.105263 0.131579 0.631579
0.131579 0.657895 0.078947 0.131579
0.078947 0.868421 0.000000 0.052632
0.184211 0.289474 0.052632 0.473684
0.736842 0.131579 0.052632 0.078947
0.736842 0.000000 0.026316 0.236842
0.763158 0.026316 0.105263 0.105263
0.605263 0.105263 0.052632 0.236842
0.342105 0.078947 0.000000 0.578947
0.421053 0.078947 0.157895 0.342105
0.236842 0.052632 0.500000 0.210526

MOTIF motif_14 motif_14
letter-probability matrix: alength= 4 w= 24
0.212121 0.345455 0.260606 0.181818
0.400000 0.230303 0.187879 0.181818
0.278788 0.109091 0.339394 0.272727
0.266667 0.103030 0.393939 0.236364
0.284848 0.060606 0.266667 0.387879
0.078788 0.060606 0.393939 0.466667
0.012121 0.915152 0.018182 0.054545
0.000000 0.018182 0.000000 0.981818
1.000000 0.000000 0.000000 0.000000
0.012121 0.000000 0.000000 0.987879
0.036364 0.000000 0.000000 0.963636
0.012121 0.024242 0.000000 0.963636
0.157576 0.121212 0.006061 0.715152
0.109091 0.018182 0.072727 0.800000
0.521212 0.000000 0.478788 0.000000
0.054545 0.024242 0.836364 0.084848
0.345455 0.472727 0.090909 0.090909
0.284848 0.266667 0.078788 0.369697
0.254545 0.296970 0.145455 0.303030
0.230303 0.206061 0.296970 0.266667
0.212121 0.254545 0.175758 0.357576
0.248485 0.133333 0.284848 0.333333
0.351515 0.181818 0.218182 0.248485
0.187879 0.206061 0.284848 0.321212

