MEME version 4

ALPHABET= ACGT

strands: + -

MOTIF motif_1 motif_1
letter-probability matrix: alength= 4 w= 24
0.328767 0.226027 0.164384 0.280822
0.246575 0.184932 0.184932 0.383562
0.198630 0.383562 0.239726 0.178082
0.363014 0.232877 0.178082 0.226027
0.205479 0.198630 0.198630 0.397260
0.315068 0.219178 0.212329 0.253425
0.294521 0.164384 0.267123 0.273973
0.260274 0.308219 0.212329 0.219178
0.335616 0.226027 0.212329 0.226027
0.287671 0.171233 0.239726 0.301370
0.267123 0.171233 0.287671 0.273973
0.239726 0.123288 0.369863 0.267123
0.198630 0.041096 0.301370 0.458904
0.061644 0.102740 0.383562 0.452055
0.000000 0.924658 0.006849 0.068493
0.000000 0.000000 0.000000 1.000000
0.986301 0.006849 0.000000 0.006849
0.075342 0.006849 0.000000 0.917808
0.109589 0.000000 0.006849 0.883562
0.027397 0.047945 0.006849 0.917808
0.157534 0.095890 0.006849 0.739726
0.089041 0.006849 0.102740 0.801370
0.623288 0.000000 0.369863 0.006849
0.075342 0.027397 0.821918 0.075342

MOTIF motif_12 motif_12
letter-probability matrix: alength= 4 w= 24
0.153374 0.226994 0.343558 0.276074
0.368098 0.085890 0.325153 0.220859
0.257669 0.141104 0.239264 0.361963
0.208589 0.079755 0.233129 0.478528
0.092025 0.803681 0.061350 0.042945
0.000000 0.355828 0.000000 0.644172
0.736196 0.079755 0.030675 0.153374
0.760736 0.061350 0.073620 0.104294
0.901840 0.000000 0.073620 0.024540
0.938650 0.006135 0.006135 0.049080
0.895706 0.006135 0.000000 0.098160
0.018405 0.042945 0.036810 0.901840
1.000000 0.000000 0.000000 0.000000
0.177914 0.018405 0.791411 0.012270
0.404908 0.435583 0.055215 0.104294
0.417178 0.190184 0.079755 0.312883
0.300613 0.263804 0.147239 0.288344
0.214724 0.288344 0.141104 0.355828
0.319018 0.288344 0.208589 0.184049
0.312883 0.147239 0.288344 0.251534
0.343558 0.177914 0.257669 0.220859
0.337423 0.220859 0.233129 0.208589
0.337423 0.165644 0.208589 0.288344
0.312883 0.190184 0.159509 0.337423

MOTIF motif_10 motif_10
letter-probability matrix: alength= 4 w= 24
0.326599 0.188552 0.279461 0.205387
0.286195 0.144781 0.313131 0.255892
0.262626 0.074074 0.282828 0.380471
0.127946 0.080808 0.390572 0.400673
0.050505 0.855219 0.010101 0.084175
0.000000 0.087542 0.000000 0.912458
0.929293 0.016835 0.003367 0.050505
0.511785 0.003367 0.006734 0.478114
0.606061 0.000000 0.040404 0.353535
0.562290 0.013468 0.000000 0.424242
0.700337 0.003367 0.000000 0.296296
0.016835 0.000000 0.000000 0.983165
0.942761 0.000000 0.057239 0.000000
0.053872 0.013468 0.902357 0.030303
0.397306 0.393939 0.077441 0.131313
0.390572 0.272727 0.067340 0.269360
0.249158 0.340067 0.087542 0.323232
0.222222 0.272727 0.171717 0.333333
0.286195 0.202020 0.228956 0.282828
0.225589 0.222222 0.265993 0.286195
0.198653 0.222222 0.272727 0.306397
0.255892 0.178451 0.255892 0.309764
0.303030 0.202020 0.188552 0.306397
0.303030 0.228956 0.188552 0.279461

