MEME version 4

ALPHABET= ACGT

strands: + -

MOTIF motif_1 motif_1
letter-probability matrix: alength= 4 w= 24
0.261438 0.254902 0.196078 0.287582
0.379085 0.222222 0.202614 0.196078
0.294118 0.137255 0.339869 0.228758
0.352941 0.241830 0.281046 0.124183
0.444444 0.169935 0.274510 0.111111
0.379085 0.104575 0.346405 0.169935
0.235294 0.183007 0.490196 0.091503
0.104575 0.477124 0.039216 0.379085
0.169935 0.660131 0.013072 0.156863
0.849673 0.013072 0.130719 0.006536
0.000000 0.006536 0.000000 0.993464
0.692810 0.176471 0.045752 0.084967
0.973856 0.013072 0.000000 0.013072
0.928105 0.019608 0.026144 0.026144
0.000000 0.000000 0.000000 1.000000
0.013072 0.888889 0.000000 0.098039
0.745098 0.039216 0.006536 0.209150
0.176471 0.313725 0.091503 0.418301
0.150327 0.300654 0.202614 0.346405
0.222222 0.366013 0.111111 0.300654
0.281046 0.228758 0.156863 0.333333
0.248366 0.202614 0.287582 0.261438
0.267974 0.202614 0.202614 0.326797
0.189542 0.222222 0.248366 0.339869

MOTIF motif_11 motif_11
letter-probability matrix: alength= 4 w= 24
0.294872 0.211538 0.237179 0.256410
0.250000 0.096154 0.346154 0.307692
0.314103 0.102564 0.365385 0.217949
0.333333 0.224359 0.250000 0.192308
0.557692 0.121795 0.198718 0.121795
0.166667 0.019231 0.012821 0.801282
0.019231 0.019231 0.942308 0.019231
0.993590 0.000000 0.000000 0.006410
0.006410 0.044872 0.000000 0.948718
0.051282 0.000000 0.051282 0.897436
0.198718 0.012821 0.205128 0.583333
0.987179 0.000000 0.012821 0.000000
0.019231 0.076923 0.019231 0.884615
0.134615 0.044872 0.660256 0.160256
0.397436 0.051282 0.352564 0.198718
0.070513 0.461538 0.205128 0.262821
0.153846 0.326923 0.121795 0.397436
0.230769 0.269231 0.147436 0.352564
0.128205 0.211538 0.301282 0.358974
0.192308 0.192308 0.307692 0.307692
0.294872 0.307692 0.217949 0.179487
0.262821 0.282051 0.224359 0.230769
0.301282 0.217949 0.237179 0.243590
0.262821 0.185897 0.301282 0.250000

MOTIF motif_5 motif_5
letter-probability matrix: alength= 4 w= 24
0.251282 0.410256 0.194872 0.143590
0.338462 0.158974 0.056410 0.446154
0.143590 0.128205 0.435897 0.292308
0.102564 0.235897 0.107692 0.553846
0.430769 0.205128 0.051282 0.312821
0.379487 0.102564 0.312821 0.205128
0.225641 0.076923 0.087179 0.610256
0.220513 0.358974 0.174359 0.246154
0.358974 0.092308 0.107692 0.441026
0.174359 0.225641 0.071795 0.528205
0.184615 0.266667 0.184615 0.364103
0.276923 0.153846 0.184615 0.384615
0.333333 0.035897 0.179487 0.451282
0.128205 0.353846 0.210256 0.307692
0.200000 0.425641 0.071795 0.302564
0.066667 0.061538 0.051282 0.820513
0.046154 0.041026 0.866667 0.046154
0.512821 0.005128 0.020513 0.461538
0.082051 0.830769 0.051282 0.035897
0.912821 0.015385 0.041026 0.030769
0.076923 0.128205 0.579487 0.215385
0.271795 0.225641 0.241026 0.261538
0.205128 0.128205 0.082051 0.584615
0.138462 0.220513 0.189744 0.451282

MOTIF motif_6 motif_6
letter-probability matrix: alength= 4 w= 24
0.255906 0.255906 0.106299 0.381890
0.287402 0.295276 0.149606 0.267717
0.456693 0.208661 0.196850 0.137795
0.425197 0.153543 0.232283 0.188976
0.192913 0.240157 0.295276 0.271654
0.125984 0.590551 0.074803 0.208661
0.011811 0.003937 0.019685 0.964567
0.000000 0.003937 0.988189 0.007874
0.460630 0.015748 0.007874 0.515748
0.000000 0.976378 0.000000 0.023622
0.976378 0.000000 0.019685 0.003937
0.216535 0.110236 0.468504 0.204724
0.114173 0.440945 0.303150 0.141732
0.433071 0.161417 0.090551 0.314961
0.232283 0.283465 0.188976 0.295276
0.358268 0.299213 0.224409 0.118110
0.251969 0.196850 0.192913 0.358268
0.405512 0.169291 0.236220 0.188976
0.405512 0.149606 0.236220 0.208661
0.334646 0.192913 0.169291 0.303150
0.389764 0.086614 0.204724 0.318898
0.295276 0.192913 0.177165 0.334646
0.389764 0.137795 0.228346 0.244094
0.334646 0.102362 0.263780 0.299213

