MEME version 4

ALPHABET= ACGT

strands: + -

MOTIF motif_2 motif_2
letter-probability matrix: alength= 4 w= 24
0.223881 0.214925 0.391045 0.170149
0.122388 0.310448 0.334328 0.232836
0.289552 0.250746 0.340299 0.119403
0.164179 0.200000 0.432836 0.202985
0.232836 0.492537 0.217910 0.056716
0.056716 0.862687 0.053731 0.026866
0.692537 0.017910 0.185075 0.104478
0.002985 0.928358 0.000000 0.068657
0.155224 0.011940 0.832836 0.000000
0.170149 0.098507 0.008955 0.722388
0.020896 0.020896 0.910448 0.047761
0.002985 0.444776 0.382090 0.170149
0.128358 0.364179 0.137313 0.370149
0.191045 0.220896 0.298507 0.289552
0.182090 0.382090 0.388060 0.047761
0.277612 0.334328 0.238806 0.149254
0.149254 0.432836 0.310448 0.107463
0.331343 0.238806 0.265672 0.164179
0.131343 0.528358 0.155224 0.185075
0.214925 0.268657 0.453731 0.062687
0.217910 0.298507 0.182090 0.301493
0.182090 0.179104 0.462687 0.176119
0.182090 0.205970 0.373134 0.238806
0.188060 0.352239 0.214925 0.244776

MOTIF motif_10 motif_10
letter-probability matrix: alength= 4 w= 24
0.213710 0.266129 0.270161 0.250000
0.112903 0.342742 0.318548 0.225806
0.173387 0.286290 0.302419 0.237903
0.467742 0.161290 0.302419 0.068548
0.145161 0.459677 0.387097 0.008065
0.040323 0.955645 0.004032 0.000000
0.802419 0.012097 0.080645 0.104839
0.004032 0.879032 0.024194 0.092742
0.213710 0.012097 0.770161 0.004032
0.012097 0.032258 0.000000 0.955645
0.000000 0.000000 1.000000 0.000000
0.072581 0.342742 0.443548 0.141129
0.112903 0.354839 0.165323 0.366935
0.116935 0.294355 0.310484 0.278226
0.286290 0.209677 0.322581 0.181452
0.205645 0.225806 0.290323 0.278226
0.217742 0.334677 0.245968 0.201613
0.241935 0.229839 0.286290 0.241935
0.241935 0.282258 0.258065 0.217742
0.262097 0.229839 0.310484 0.197581
0.209677 0.233871 0.375000 0.181452
0.185484 0.375000 0.233871 0.205645
0.250000 0.346774 0.241935 0.161290
0.173387 0.334677 0.274194 0.217742

