MEME version 4

ALPHABET= ACGT

strands: + -

MOTIF motif_2 motif_2
letter-probability matrix: alength= 4 w= 24
0.2525 0.2700 0.3000 0.1775
0.2600 0.2350 0.3525 0.1525
0.2525 0.2425 0.3700 0.1350
0.3000 0.2475 0.2575 0.1950
0.2325 0.5025 0.2425 0.0225
0.0150 0.9850 0.0000 0.0000
0.9775 0.0000 0.0225 0.0000
0.0000 0.9350 0.0000 0.0650
0.0375 0.0050 0.9500 0.0075
0.0150 0.0400 0.0100 0.9350
0.0050 0.0075 0.9625 0.0250
0.0350 0.2625 0.5350 0.1675
0.1650 0.2625 0.2400 0.3325
0.1425 0.3650 0.2325 0.2600
0.2175 0.3025 0.3200 0.1600
0.1575 0.3000 0.3225 0.2200
0.1600 0.2625 0.3600 0.2175
0.1550 0.2725 0.3825 0.1900
0.2525 0.2625 0.2800 0.2050
0.1900 0.2425 0.3375 0.2300
0.2350 0.2450 0.3225 0.1975
0.1700 0.3325 0.3000 0.1975
0.2075 0.3175 0.2775 0.1975
0.2175 0.2700 0.3150 0.1975

MOTIF motif_6 motif_6
letter-probability matrix: alength= 4 w= 24
0.156352 0.342020 0.319218 0.182410
0.270358 0.452769 0.091205 0.185668
0.231270 0.371336 0.198697 0.198697
0.195440 0.426710 0.182410 0.195440
0.143322 0.273616 0.462541 0.120521
0.250814 0.192182 0.270358 0.286645
0.192182 0.416938 0.273616 0.117264
0.267101 0.097720 0.439739 0.195440
0.078176 0.579805 0.280130 0.061889
0.042345 0.846906 0.104235 0.006515
0.612378 0.055375 0.283388 0.048860
0.006515 0.960912 0.026059 0.006515
0.055375 0.094463 0.814332 0.035831
0.016287 0.228013 0.035831 0.719870
0.081433 0.045603 0.856678 0.016287
0.035831 0.267101 0.527687 0.169381
0.162866 0.211726 0.286645 0.338762
0.283388 0.172638 0.355049 0.188925
0.302932 0.371336 0.169381 0.156352
0.368078 0.172638 0.218241 0.241042
0.159609 0.273616 0.501629 0.065147
0.211726 0.381107 0.296417 0.110749
0.368078 0.192182 0.192182 0.247557
0.234528 0.149837 0.374593 0.241042

