MEME version 4

ALPHABET= ACGT

strands: + -

MOTIF motif_11 motif_11
letter-probability matrix: alength= 4 w= 24
0.347594 0.203209 0.294118 0.155080
0.133690 0.016043 0.187166 0.663102
0.005348 0.005348 0.005348 0.983957
0.026738 0.005348 0.000000 0.967914
0.155080 0.336898 0.176471 0.331551
0.903743 0.010695 0.074866 0.010695
1.000000 0.000000 0.000000 0.000000
0.925134 0.016043 0.026738 0.032086
0.294118 0.251337 0.058824 0.395722
0.283422 0.149733 0.133690 0.433155
0.262032 0.155080 0.155080 0.427807
0.427807 0.139037 0.176471 0.256684
0.417112 0.187166 0.187166 0.208556
0.283422 0.320856 0.219251 0.176471
0.395722 0.176471 0.122995 0.304813
0.320856 0.074866 0.443850 0.160428
0.374332 0.267380 0.106952 0.251337
0.320856 0.320856 0.176471 0.181818
0.213904 0.299465 0.245989 0.240642
0.315508 0.256684 0.197861 0.229947
0.240642 0.229947 0.219251 0.310160
0.256684 0.267380 0.224599 0.251337
0.395722 0.219251 0.219251 0.165775
0.256684 0.160428 0.208556 0.374332

MOTIF motif_5 motif_5
letter-probability matrix: alength= 4 w= 24
0.174419 0.162791 0.261628 0.401163
0.116279 0.279070 0.377907 0.226744
0.325581 0.122093 0.360465 0.191860
0.168605 0.139535 0.360465 0.331395
0.424419 0.215116 0.197674 0.162791
0.302326 0.267442 0.075581 0.354651
0.261628 0.302326 0.122093 0.313953
0.744186 0.000000 0.244186 0.011628
0.575581 0.034884 0.319767 0.069767
0.040698 0.843023 0.005814 0.110465
0.203488 0.319767 0.313953 0.162791
0.063953 0.005814 0.912791 0.017442
0.075581 0.104651 0.046512 0.773256
0.005814 0.029070 0.011628 0.953488
0.563953 0.151163 0.156977 0.127907
0.215116 0.220930 0.220930 0.343023
0.360465 0.174419 0.273256 0.191860
0.360465 0.203488 0.168605 0.267442
0.209302 0.308140 0.133721 0.348837
0.331395 0.168605 0.151163 0.348837
0.191860 0.302326 0.226744 0.279070
0.406977 0.069767 0.220930 0.302326
0.284884 0.098837 0.238372 0.377907
0.162791 0.197674 0.191860 0.447674

MOTIF motif_2 motif_2
letter-probability matrix: alength= 4 w= 24
0.474138 0.025862 0.314655 0.185345
0.060345 0.831897 0.094828 0.012931
0.331897 0.418103 0.150862 0.099138
0.094828 0.051724 0.814655 0.038793
0.064655 0.056034 0.017241 0.862069
0.030172 0.137931 0.112069 0.719828
0.676724 0.030172 0.099138 0.193966
0.280172 0.181034 0.280172 0.258621
0.172414 0.250000 0.125000 0.452586
0.116379 0.353448 0.116379 0.413793
0.318966 0.250000 0.189655 0.241379
0.056034 0.461207 0.181034 0.301724
0.168103 0.275862 0.155172 0.400862
0.241379 0.366379 0.068966 0.323276
0.189655 0.228448 0.340517 0.241379
0.314655 0.211207 0.193966 0.280172
0.232759 0.318966 0.262931 0.185345
0.357759 0.163793 0.267241 0.211207
0.137931 0.288793 0.137931 0.435345
0.215517 0.310345 0.146552 0.327586
0.452586 0.073276 0.241379 0.232759
0.198276 0.258621 0.271552 0.271552
0.112069 0.439655 0.159483 0.288793
0.267241 0.349138 0.146552 0.237069

