MEME version 4

ALPHABET= ACGT

strands: + -

MOTIF motif_11 motif_11
letter-probability matrix: alength= 4 w= 24
0.253968 0.301587 0.174603 0.269841
0.380952 0.142857 0.222222 0.253968
0.301587 0.253968 0.285714 0.158730
0.285714 0.126984 0.317460 0.269841
0.571429 0.111111 0.206349 0.111111
0.031746 0.015873 0.015873 0.936508
0.015873 0.015873 0.857143 0.111111
0.952381 0.000000 0.047619 0.000000
0.000000 0.587302 0.412698 0.000000
0.063492 0.000000 0.015873 0.920635
0.079365 0.873016 0.047619 0.000000
0.952381 0.031746 0.015873 0.000000
0.142857 0.174603 0.253968 0.428571
0.333333 0.174603 0.126984 0.365079
0.222222 0.126984 0.142857 0.507937
0.047619 0.142857 0.031746 0.777778
0.000000 0.015873 0.000000 0.984127
0.015873 0.031746 0.000000 0.952381
0.000000 1.000000 0.000000 0.000000
0.000000 0.968254 0.000000 0.031746
0.571429 0.206349 0.063492 0.158730
0.142857 0.365079 0.126984 0.365079
0.111111 0.222222 0.158730 0.507937
0.253968 0.206349 0.269841 0.269841

