MEME version 4

ALPHABET= ACGT

strands: + -

MOTIF motif_1 motif_1
letter-probability matrix: alength= 4 w= 24
0.632979 0.026596 0.037234 0.303191
0.521277 0.021277 0.031915 0.425532
0.239362 0.207447 0.143617 0.409574
0.085106 0.005319 0.000000 0.909574
0.000000 0.005319 0.968085 0.026596
0.101064 0.856383 0.026596 0.015957
0.047872 0.090426 0.010638 0.851064
0.079787 0.026596 0.813830 0.079787
0.893617 0.015957 0.000000 0.090426
0.010638 0.047872 0.936170 0.005319
0.000000 0.000000 0.000000 1.000000
0.000000 1.000000 0.000000 0.000000
1.000000 0.000000 0.000000 0.000000
0.000000 0.260638 0.000000 0.739362
0.287234 0.154255 0.196809 0.361702
0.037234 0.388298 0.244681 0.329787
0.186170 0.196809 0.250000 0.367021
0.170213 0.207447 0.377660 0.244681
0.117021 0.297872 0.234043 0.351064
0.441489 0.186170 0.159574 0.212766
0.335106 0.250000 0.159574 0.255319
0.276596 0.265957 0.154255 0.303191
0.202128 0.154255 0.191489 0.452128
0.287234 0.303191 0.202128 0.207447

MOTIF motif_7 motif_7
letter-probability matrix: alength= 4 w= 24
0.151042 0.333333 0.213542 0.302083
0.265625 0.234375 0.145833 0.354167
0.302083 0.244792 0.223958 0.229167
0.218750 0.343750 0.239583 0.197917
0.468750 0.208333 0.177083 0.145833
0.234375 0.322917 0.375000 0.067708
0.307292 0.276042 0.197917 0.218750
0.854167 0.005208 0.140625 0.000000
0.000000 0.000000 0.000000 1.000000
0.000000 0.000000 1.000000 0.000000
0.979167 0.010417 0.010417 0.000000
0.015625 0.927083 0.041667 0.015625
0.130208 0.000000 0.010417 0.859375
0.072917 0.760417 0.020833 0.145833
0.802083 0.000000 0.130208 0.067708
0.020833 0.078125 0.828125 0.072917
0.067708 0.911458 0.010417 0.010417
0.828125 0.015625 0.036458 0.119792
0.416667 0.151042 0.177083 0.255208
0.364583 0.041667 0.057292 0.536458
0.291667 0.078125 0.015625 0.614583
0.223958 0.151042 0.041667 0.583333
0.135417 0.276042 0.119792 0.468750
0.322917 0.171875 0.140625 0.364583

MOTIF motif_11 motif_11
letter-probability matrix: alength= 4 w= 24
0.231325 0.212048 0.226506 0.330120
0.284337 0.166265 0.262651 0.286747
0.313253 0.163855 0.219277 0.303614
0.308434 0.195181 0.245783 0.250602
0.269880 0.190361 0.171084 0.368675
0.385542 0.146988 0.216867 0.250602
0.433735 0.091566 0.204819 0.269880
0.467470 0.120482 0.139759 0.272289
0.392771 0.190361 0.132530 0.284337
0.310843 0.221687 0.130120 0.337349
0.161446 0.120482 0.195181 0.522892
0.134940 0.110843 0.612048 0.142169
0.385542 0.450602 0.142169 0.021687
0.016867 0.062651 0.004819 0.915663
0.067470 0.004819 0.884337 0.043373
0.956627 0.004819 0.000000 0.038554
0.026506 0.404819 0.561446 0.007229
0.021687 0.002410 0.000000 0.975904
0.004819 0.992771 0.000000 0.002410
0.987952 0.002410 0.004819 0.004819
0.012048 0.134940 0.363855 0.489157
0.175904 0.498795 0.101205 0.224096
0.390361 0.219277 0.185542 0.204819
0.279518 0.192771 0.212048 0.315663

MOTIF motif_2 motif_2
letter-probability matrix: alength= 4 w= 24
0.425439 0.206140 0.179825 0.188596
0.223684 0.320175 0.381579 0.074561
0.342105 0.267544 0.188596 0.201754
0.828947 0.000000 0.171053 0.000000
0.000000 0.000000 0.000000 1.000000
0.000000 0.000000 1.000000 0.000000
0.995614 0.000000 0.004386 0.000000
0.013158 0.907895 0.070175 0.008772
0.109649 0.000000 0.013158 0.877193
0.057018 0.776316 0.013158 0.153509
0.802632 0.000000 0.149123 0.048246
0.017544 0.083333 0.820175 0.078947
0.096491 0.890351 0.008772 0.004386
0.837719 0.017544 0.035088 0.109649
0.421053 0.135965 0.179825 0.263158
0.385965 0.039474 0.057018 0.517544
0.342105 0.078947 0.021930 0.557018
0.250000 0.197368 0.030702 0.521930
0.188596 0.267544 0.127193 0.416667
0.350877 0.171053 0.144737 0.333333
0.245614 0.254386 0.219298 0.280702
0.241228 0.210526 0.184211 0.364035
0.285088 0.241228 0.214912 0.258772
0.267544 0.337719 0.109649 0.285088

MOTIF motif_14 motif_14
letter-probability matrix: alength= 4 w= 24
0.478571 0.135714 0.235714 0.150000
0.178571 0.228571 0.407143 0.185714
0.292857 0.257143 0.242857 0.207143
0.428571 0.128571 0.142857 0.300000
0.157143 0.150000 0.485714 0.207143
0.321429 0.142857 0.150000 0.385714
0.528571 0.114286 0.242857 0.114286
0.557143 0.014286 0.235714 0.192857
0.564286 0.021429 0.050000 0.364286
0.414286 0.114286 0.071429 0.400000
0.121429 0.250000 0.157143 0.471429
0.035714 0.000000 0.035714 0.928571
0.000000 0.007143 0.957143 0.035714
0.092857 0.885714 0.007143 0.014286
0.028571 0.007143 0.035714 0.928571
0.014286 0.014286 0.864286 0.107143
0.885714 0.042857 0.000000 0.071429
0.035714 0.071429 0.871429 0.021429
0.028571 0.000000 0.007143 0.964286
0.028571 0.935714 0.014286 0.021429
0.957143 0.021429 0.014286 0.007143
0.021429 0.421429 0.007143 0.550000
0.421429 0.092857 0.171429 0.314286
0.035714 0.242857 0.371429 0.350000

