MEME version 4

ALPHABET= ACGT

strands: + -

MOTIF motif_1 motif_1
letter-probability matrix: alength= 4 w= 24
0.234940 0.319277 0.216867 0.228916
0.319277 0.180723 0.144578 0.355422
0.204819 0.331325 0.162651 0.301205
0.222892 0.180723 0.331325 0.265060
0.204819 0.234940 0.337349 0.222892
0.162651 0.253012 0.325301 0.259036
0.337349 0.060241 0.240964 0.361446
0.253012 0.234940 0.313253 0.198795
0.271084 0.343373 0.253012 0.132530
0.355422 0.240964 0.240964 0.162651
0.463855 0.042169 0.295181 0.198795
0.295181 0.186747 0.421687 0.096386
0.421687 0.108434 0.228916 0.240964
0.548193 0.090361 0.343373 0.018072
0.006024 0.000000 0.000000 0.993976
0.000000 0.000000 0.993976 0.006024
0.789157 0.162651 0.006024 0.042169
0.018072 0.716867 0.072289 0.192771
0.204819 0.012048 0.156627 0.626506
0.216867 0.590361 0.048193 0.144578
0.674699 0.018072 0.246988 0.060241
0.012048 0.006024 0.728916 0.253012
0.000000 0.981928 0.012048 0.006024
0.975904 0.000000 0.012048 0.012048

MOTIF motif_13 motif_13
letter-probability matrix: alength= 4 w= 24
0.358268 0.177165 0.251969 0.212598
0.444882 0.114173 0.228346 0.212598
0.444882 0.125984 0.137795 0.291339
0.322835 0.149606 0.153543 0.374016
0.196850 0.295276 0.200787 0.307087
0.145669 0.055118 0.023622 0.775591
0.015748 0.027559 0.956693 0.000000
0.011811 0.952756 0.000000 0.035433
0.070866 0.114173 0.007874 0.807087
0.086614 0.043307 0.712598 0.157480
0.795276 0.031496 0.019685 0.153543
0.082677 0.216535 0.661417 0.039370
0.003937 0.000000 0.000000 0.996063
0.003937 0.996063 0.000000 0.000000
0.996063 0.000000 0.003937 0.000000
0.003937 0.354331 0.023622 0.618110
0.114173 0.263780 0.188976 0.433071
0.098425 0.366142 0.330709 0.204724
0.204724 0.275591 0.141732 0.377953
0.200787 0.244094 0.338583 0.216535
0.188976 0.259843 0.307087 0.244094
0.200787 0.303150 0.263780 0.232283
0.224409 0.216535 0.236220 0.322835
0.192913 0.220472 0.318898 0.267717

MOTIF motif_11 motif_11
letter-probability matrix: alength= 4 w= 24
0.288828 0.223433 0.223433 0.264305
0.261580 0.212534 0.258856 0.267030
0.190736 0.217984 0.286104 0.305177
0.239782 0.217984 0.261580 0.280654
0.207084 0.269755 0.288828 0.234332
0.389646 0.190736 0.171662 0.247956
0.310627 0.179837 0.253406 0.256131
0.277929 0.267030 0.223433 0.231608
0.256131 0.277929 0.196185 0.269755
0.272480 0.185286 0.209809 0.332425
0.155313 0.215259 0.212534 0.416894
0.201635 0.114441 0.596730 0.087193
0.297003 0.493188 0.196185 0.013624
0.008174 0.013624 0.008174 0.970027
0.019074 0.008174 0.942779 0.029973
0.972752 0.005450 0.000000 0.021798
0.070845 0.449591 0.400545 0.079019
0.068120 0.000000 0.016349 0.915531
0.027248 0.937330 0.019074 0.016349
0.961853 0.000000 0.021798 0.016349
0.005450 0.217984 0.504087 0.272480
0.068120 0.602180 0.130790 0.198910
0.471390 0.188011 0.177112 0.163488
0.245232 0.212534 0.228883 0.313351

MOTIF motif_5 motif_5
letter-probability matrix: alength= 4 w= 24
0.243386 0.269841 0.269841 0.216931
0.296296 0.195767 0.269841 0.238095
0.211640 0.190476 0.227513 0.370370
0.291005 0.216931 0.259259 0.232804
0.248677 0.259259 0.269841 0.222222
0.291005 0.222222 0.253968 0.232804
0.492063 0.132275 0.174603 0.201058
0.402116 0.121693 0.142857 0.333333
0.312169 0.164021 0.116402 0.407407
0.169312 0.328042 0.201058 0.301587
0.121693 0.037037 0.005291 0.835979
0.010582 0.010582 0.978836 0.000000
0.005291 0.973545 0.000000 0.021164
0.063492 0.111111 0.005291 0.820106
0.089947 0.026455 0.708995 0.174603
0.772487 0.037037 0.021164 0.169312
0.074074 0.142857 0.756614 0.026455
0.005291 0.005291 0.000000 0.989418
0.005291 0.989418 0.005291 0.000000
0.994709 0.000000 0.005291 0.000000
0.000000 0.365079 0.010582 0.624339
0.116402 0.285714 0.126984 0.470899
0.095238 0.365079 0.338624 0.201058
0.195767 0.317460 0.121693 0.365079

MOTIF motif_2 motif_2
letter-probability matrix: alength= 4 w= 24
0.373057 0.139896 0.259067 0.227979
0.165803 0.316062 0.435233 0.082902
0.430052 0.186528 0.248705 0.134715
0.611399 0.005181 0.383420 0.000000
0.000000 0.000000 0.000000 1.000000
0.000000 0.000000 0.989637 0.010363
1.000000 0.000000 0.000000 0.000000
0.056995 0.673575 0.181347 0.088083
0.191710 0.010363 0.051813 0.746114
0.056995 0.808290 0.056995 0.077720
0.849741 0.000000 0.062176 0.088083
0.020725 0.000000 0.968912 0.010363
0.000000 0.963731 0.031088 0.005181
0.803109 0.025907 0.051813 0.119171
0.316062 0.165803 0.279793 0.238342
0.352332 0.067358 0.202073 0.378238
0.305699 0.103627 0.108808 0.481865
0.202073 0.238342 0.088083 0.471503
0.186528 0.310881 0.134715 0.367876
0.207254 0.259067 0.248705 0.284974
0.155440 0.316062 0.243523 0.284974
0.347150 0.222798 0.207254 0.222798
0.212435 0.264249 0.238342 0.284974
0.279793 0.326425 0.191710 0.202073

MOTIF motif_6 motif_6
letter-probability matrix: alength= 4 w= 24
0.467949 0.038462 0.108974 0.384615
0.371795 0.115385 0.083333 0.429487
0.141026 0.326923 0.237179 0.294872
0.032051 0.019231 0.000000 0.948718
0.012821 0.025641 0.948718 0.012821
0.057692 0.846154 0.019231 0.076923
0.083333 0.288462 0.006410 0.621795
0.179487 0.051282 0.525641 0.243590
0.647436 0.096154 0.019231 0.237179
0.147436 0.160256 0.666667 0.025641
0.006410 0.000000 0.032051 0.961538
0.019231 0.980769 0.000000 0.000000
0.974359 0.000000 0.019231 0.006410
0.012821 0.185897 0.000000 0.801282
0.179487 0.237179 0.166667 0.416667
0.083333 0.314103 0.339744 0.262821
0.160256 0.301282 0.102564 0.435897
0.224359 0.250000 0.371795 0.153846
0.224359 0.224359 0.275641 0.275641
0.179487 0.320513 0.275641 0.224359
0.288462 0.185897 0.198718 0.326923
0.166667 0.326923 0.224359 0.282051
0.282051 0.192308 0.275641 0.250000
0.185897 0.243590 0.365385 0.205128

