MEME version 4

ALPHABET= ACGT

strands: + -

MOTIF motif_13 motif_13
letter-probability matrix: alength= 4 w= 24
0.290389 0.224949 0.229039 0.255624
0.222904 0.265849 0.226994 0.284254
0.308793 0.222904 0.231084 0.237219
0.296524 0.251534 0.210634 0.241309
0.323108 0.132924 0.304703 0.239264
0.271984 0.173824 0.208589 0.345603
0.312883 0.147239 0.151329 0.388548
0.137014 0.388548 0.198364 0.276074
0.002045 0.402863 0.004090 0.591002
0.002045 0.002045 0.012270 0.983640
0.000000 0.000000 0.997955 0.002045
0.000000 0.002045 0.997955 0.000000
0.030675 0.967280 0.002045 0.000000
0.625767 0.134969 0.016360 0.222904
0.179959 0.423313 0.182004 0.214724
0.292434 0.216769 0.226994 0.263804
0.198364 0.200409 0.413088 0.188139
0.179959 0.024540 0.110429 0.685072
0.000000 0.000000 0.963190 0.036810
0.000000 1.000000 0.000000 0.000000
0.002045 0.997955 0.000000 0.000000
0.981595 0.012270 0.002045 0.004090
0.593047 0.008180 0.380368 0.018405
0.235174 0.257669 0.402863 0.104294

MOTIF motif_10 motif_10
letter-probability matrix: alength= 4 w= 24
0.120536 0.250000 0.218750 0.410714
0.227679 0.227679 0.142857 0.401786
0.200893 0.250000 0.227679 0.321429
0.290179 0.205357 0.102679 0.401786
0.258929 0.209821 0.196429 0.334821
0.218750 0.129464 0.200893 0.450893
0.321429 0.147321 0.151786 0.379464
0.080357 0.433036 0.017857 0.468750
0.098214 0.187500 0.031250 0.683036
0.026786 0.004464 0.022321 0.946429
0.004464 0.017857 0.906250 0.071429
0.080357 0.075893 0.808036 0.035714
0.080357 0.830357 0.022321 0.066964
0.424107 0.129464 0.098214 0.348214
0.093750 0.566964 0.147321 0.191964
0.330357 0.276786 0.053571 0.339286
0.258929 0.294643 0.250000 0.196429
0.120536 0.049107 0.044643 0.785714
0.040179 0.031250 0.848214 0.080357
0.089286 0.750000 0.031250 0.129464
0.035714 0.870536 0.049107 0.044643
0.919643 0.017857 0.040179 0.022321
0.625000 0.004464 0.339286 0.031250
0.401786 0.174107 0.227679 0.196429

