MEME version 4

ALPHABET= ACGT

strands: + -

MOTIF motif_12 motif_12
letter-probability matrix: alength= 4 w= 24
0.300000 0.533333 0.083333 0.083333
0.333333 0.233333 0.250000 0.183333
0.150000 0.533333 0.150000 0.166667
0.200000 0.216667 0.350000 0.233333
0.083333 0.433333 0.350000 0.133333
0.000000 0.200000 0.033333 0.766667
0.066667 0.116667 0.633333 0.183333
0.566667 0.283333 0.083333 0.066667
0.133333 0.683333 0.100000 0.083333
0.033333 0.833333 0.033333 0.100000
0.216667 0.133333 0.066667 0.583333
0.066667 0.350000 0.200000 0.383333
0.050000 0.100000 0.250000 0.600000
0.250000 0.233333 0.466667 0.050000
0.666667 0.200000 0.016667 0.116667
0.033333 0.866667 0.083333 0.016667
0.050000 0.866667 0.016667 0.066667
0.033333 0.316667 0.383333 0.266667
0.050000 0.216667 0.683333 0.050000
0.516667 0.083333 0.316667 0.083333
0.633333 0.150000 0.050000 0.166667
0.316667 0.333333 0.333333 0.016667
0.133333 0.283333 0.266667 0.316667
0.166667 0.183333 0.100000 0.550000

