MEME version 4

ALPHABET= ACGT

strands: + -

MOTIF motif_13 motif_13
letter-probability matrix: alength= 4 w= 24
0.466216 0.087838 0.121622 0.324324
0.162162 0.371622 0.317568 0.148649
0.182432 0.256757 0.182432 0.378378
0.195946 0.162162 0.324324 0.317568
0.027027 0.648649 0.209459 0.114865
0.114865 0.195946 0.087838 0.601351
0.047297 0.081081 0.054054 0.817568
0.033784 0.864865 0.074324 0.027027
0.263514 0.621622 0.033784 0.081081
0.094595 0.040541 0.810811 0.054054
0.060811 0.027027 0.891892 0.020270
0.128378 0.006757 0.858108 0.006757
0.195946 0.121622 0.162162 0.520270
0.101351 0.628378 0.175676 0.094595
0.506757 0.155405 0.222973 0.114865
0.304054 0.182432 0.277027 0.236486
0.324324 0.216216 0.317568 0.141892
0.189189 0.250000 0.445946 0.114865
0.148649 0.141892 0.412162 0.297297
0.074324 0.202703 0.391892 0.331081
0.290541 0.378378 0.128378 0.202703
0.324324 0.236486 0.250000 0.189189
0.236486 0.304054 0.317568 0.141892
0.310811 0.141892 0.331081 0.216216

MOTIF motif_12 motif_12
letter-probability matrix: alength= 4 w= 24
0.120482 0.156627 0.421687 0.301205
0.457831 0.024096 0.192771 0.325301
0.228916 0.180723 0.301205 0.289157
0.204819 0.361446 0.313253 0.120482
0.120482 0.385542 0.144578 0.349398
0.036145 0.590361 0.048193 0.325301
0.421687 0.144578 0.156627 0.277108
0.361446 0.180723 0.216867 0.240964
0.349398 0.120482 0.301205 0.228916
0.337349 0.265060 0.216867 0.180723
0.542169 0.240964 0.168675 0.048193
0.289157 0.457831 0.072289 0.180723
0.144578 0.433735 0.180723 0.240964
0.096386 0.746988 0.096386 0.060241
0.349398 0.373494 0.096386 0.180723
0.240964 0.156627 0.421687 0.180723
0.421687 0.325301 0.204819 0.048193
0.060241 0.084337 0.650602 0.204819
0.120482 0.012048 0.807229 0.060241
0.084337 0.144578 0.156627 0.614458
0.024096 0.686747 0.216867 0.072289
0.891566 0.012048 0.060241 0.036145
0.469880 0.072289 0.337349 0.120482
0.939759 0.024096 0.000000 0.036145

MOTIF motif_11 motif_11
letter-probability matrix: alength= 4 w= 24
0.019802 0.019802 0.930693 0.029703
0.049505 0.000000 0.792079 0.158416
0.019802 0.039604 0.118812 0.821782
0.029703 0.861386 0.029703 0.079208
0.950495 0.000000 0.009901 0.039604
0.455446 0.029703 0.514851 0.000000
0.772277 0.000000 0.227723 0.000000
0.000000 0.000000 0.990099 0.009901
0.019802 0.000000 0.861386 0.118812
0.000000 0.019802 0.108911 0.871287
0.009901 0.772277 0.059406 0.158416
0.970297 0.000000 0.029703 0.000000
0.574257 0.009901 0.356436 0.059406
0.564356 0.069307 0.346535 0.019802
0.039604 0.049505 0.792079 0.118812
0.089109 0.079208 0.603960 0.227723
0.079208 0.019802 0.316832 0.584158
0.049505 0.603960 0.158416 0.188119
0.772277 0.108911 0.108911 0.009901
0.247525 0.237624 0.336634 0.178218
0.386139 0.158416 0.297030 0.158416
0.257426 0.158416 0.425743 0.158416
0.366337 0.148515 0.396040 0.089109
0.188119 0.346535 0.168317 0.297030

MOTIF motif_5 motif_5
letter-probability matrix: alength= 4 w= 24
0.178295 0.325581 0.348837 0.147287
0.116279 0.488372 0.093023 0.302326
0.186047 0.395349 0.325581 0.093023
0.232558 0.255814 0.348837 0.162791
0.155039 0.317829 0.317829 0.209302
0.310078 0.348837 0.147287 0.193798
0.139535 0.372093 0.069767 0.418605
0.333333 0.271318 0.147287 0.248062
0.302326 0.162791 0.069767 0.465116
0.193798 0.186047 0.534884 0.085271
0.403101 0.193798 0.263566 0.139535
0.248062 0.480620 0.217054 0.054264
0.162791 0.697674 0.046512 0.093023
0.139535 0.217054 0.093023 0.550388
0.426357 0.069767 0.077519 0.426357
0.007752 0.038760 0.023256 0.930233
0.054264 0.023256 0.899225 0.023256
0.945736 0.038760 0.000000 0.015504
0.271318 0.651163 0.031008 0.046512
0.054264 0.868217 0.046512 0.031008
0.054264 0.093023 0.054264 0.798450
0.023256 0.379845 0.100775 0.496124
0.186047 0.100775 0.155039 0.558140
0.062016 0.255814 0.558140 0.124031

MOTIF motif_2 motif_2
letter-probability matrix: alength= 4 w= 24
0.137931 0.241379 0.413793 0.206897
0.172414 0.758621 0.000000 0.068966
0.310345 0.379310 0.137931 0.172414
0.310345 0.068966 0.448276 0.172414
0.000000 0.275862 0.241379 0.482759
0.275862 0.206897 0.517241 0.000000
0.724138 0.034483 0.206897 0.034483
0.275862 0.482759 0.137931 0.103448
0.241379 0.586207 0.068966 0.103448
0.206897 0.448276 0.103448 0.241379
0.000000 0.000000 1.000000 0.000000
0.000000 0.000000 0.965517 0.034483
0.931034 0.000000 0.000000 0.068966
0.862069 0.034483 0.034483 0.068966
0.068966 0.034483 0.896552 0.000000
0.103448 0.379310 0.000000 0.517241
0.413793 0.172414 0.206897 0.206897
0.551724 0.413793 0.000000 0.034483
0.137931 0.137931 0.137931 0.586207
0.103448 0.137931 0.379310 0.379310
0.310345 0.413793 0.137931 0.137931
0.206897 0.413793 0.172414 0.206897
0.344828 0.344828 0.241379 0.068966
0.172414 0.551724 0.172414 0.103448

MOTIF motif_10 motif_10
letter-probability matrix: alength= 4 w= 24
0.052632 0.381579 0.157895 0.407895
0.138158 0.427632 0.190789 0.243421
0.098684 0.078947 0.039474 0.782895
0.138158 0.177632 0.592105 0.092105
0.631579 0.250000 0.072368 0.046053
0.138158 0.769737 0.026316 0.065789
0.059211 0.848684 0.013158 0.078947
0.092105 0.111842 0.059211 0.736842
0.072368 0.427632 0.078947 0.421053
0.000000 0.013158 0.000000 0.986842
0.032895 0.013158 0.953947 0.000000
0.940789 0.046053 0.000000 0.013158
0.059211 0.934211 0.000000 0.006579
0.026316 0.940789 0.006579 0.026316
0.013158 0.513158 0.006579 0.467105
0.026316 0.460526 0.256579 0.256579
0.111842 0.078947 0.296053 0.513158
0.348684 0.072368 0.440789 0.138158
0.578947 0.184211 0.177632 0.059211
0.078947 0.572368 0.250000 0.098684
0.046053 0.592105 0.072368 0.289474
0.223684 0.322368 0.131579 0.322368
0.250000 0.322368 0.125000 0.302632
0.315789 0.210526 0.085526 0.388158

MOTIF motif_14 motif_14
letter-probability matrix: alength= 4 w= 24
0.277778 0.423611 0.138889 0.159722
0.111111 0.312500 0.437500 0.138889
0.152778 0.131944 0.534722 0.180556
0.236111 0.229167 0.444444 0.090278
0.291667 0.118056 0.111111 0.479167
0.159722 0.347222 0.333333 0.159722
0.354167 0.145833 0.361111 0.138889
0.270833 0.118056 0.375000 0.236111
0.618056 0.048611 0.229167 0.104167
0.166667 0.090278 0.590278 0.152778
0.062500 0.194444 0.430556 0.312500
0.034722 0.187500 0.034722 0.743056
0.013889 0.715278 0.194444 0.076389
0.701389 0.222222 0.048611 0.027778
0.458333 0.097222 0.354167 0.090278
0.631944 0.159722 0.187500 0.020833
0.013889 0.083333 0.833333 0.069444
0.062500 0.041667 0.618056 0.277778
0.041667 0.020833 0.055556 0.881944
0.020833 0.847222 0.104167 0.027778
0.875000 0.020833 0.048611 0.055556
0.166667 0.368056 0.180556 0.284722
0.361111 0.305556 0.256944 0.076389
0.159722 0.131944 0.381944 0.326389

