MEME version 4

ALPHABET= ACGT

strands: + -

MOTIF motif_1 motif_1
letter-probability matrix: alength= 4 w= 24
0.154472 0.365854 0.219512 0.260163
0.235772 0.260163 0.211382 0.292683
0.073171 0.292683 0.292683 0.341463
0.195122 0.317073 0.154472 0.333333
0.008130 0.016260 0.000000 0.975610
0.113821 0.008130 0.869919 0.008130
0.959350 0.024390 0.016260 0.000000
0.008130 0.991870 0.000000 0.000000
0.000000 1.000000 0.000000 0.000000
0.000000 0.154472 0.000000 0.845528
0.032520 0.268293 0.000000 0.699187
0.146341 0.081301 0.056911 0.715447
0.105691 0.056911 0.520325 0.317073
0.414634 0.089431 0.406504 0.089431
0.357724 0.373984 0.154472 0.113821
0.121951 0.666667 0.073171 0.138211
0.130081 0.471545 0.008130 0.390244
0.097561 0.373984 0.089431 0.439024
0.097561 0.268293 0.138211 0.495935
0.349593 0.219512 0.252033 0.178862
0.243902 0.268293 0.349593 0.138211
0.308943 0.308943 0.138211 0.243902
0.227642 0.211382 0.146341 0.414634
0.292683 0.211382 0.235772 0.260163

MOTIF motif_11 motif_11
letter-probability matrix: alength= 4 w= 24
0.066390 0.029046 0.821577 0.082988
0.033195 0.078838 0.846473 0.041494
0.041494 0.078838 0.062241 0.817427
0.024896 0.742739 0.062241 0.170124
0.937759 0.000000 0.033195 0.029046
0.427386 0.020747 0.394191 0.157676
0.556017 0.182573 0.236515 0.024896
0.170124 0.037344 0.564315 0.228216
0.165975 0.074689 0.659751 0.099585
0.082988 0.078838 0.282158 0.556017
0.062241 0.390041 0.360996 0.186722
0.589212 0.170124 0.141079 0.099585
0.294606 0.219917 0.215768 0.269710
0.385892 0.390041 0.136929 0.087137
0.307054 0.228216 0.207469 0.257261
0.103734 0.141079 0.398340 0.356846
0.244813 0.261411 0.195021 0.298755
0.224066 0.282158 0.149378 0.344398
0.473029 0.136929 0.232365 0.157676
0.398340 0.112033 0.348548 0.141079
0.410788 0.153527 0.336100 0.099585
0.165975 0.286307 0.203320 0.344398
0.344398 0.340249 0.103734 0.211618
0.360996 0.141079 0.153527 0.344398

MOTIF motif_5 motif_5
letter-probability matrix: alength= 4 w= 24
0.260355 0.248521 0.201183 0.289941
0.248521 0.201183 0.431953 0.118343
0.213018 0.189349 0.408284 0.189349
0.218935 0.349112 0.183432 0.248521
0.207101 0.366864 0.207101 0.218935
0.177515 0.242604 0.224852 0.355030
0.313609 0.189349 0.242604 0.254438
0.254438 0.278107 0.112426 0.355030
0.218935 0.266272 0.278107 0.236686
0.331361 0.295858 0.260355 0.112426
0.213018 0.360947 0.254438 0.171598
0.094675 0.485207 0.207101 0.213018
0.248521 0.278107 0.130178 0.343195
0.118343 0.218935 0.260355 0.402367
0.136095 0.408284 0.224852 0.230769
0.005917 0.000000 0.000000 0.994083
0.106509 0.011834 0.875740 0.005917
0.976331 0.000000 0.011834 0.011834
0.017751 0.970414 0.011834 0.000000
0.059172 0.923077 0.000000 0.017751
0.005917 0.266272 0.011834 0.715976
0.023669 0.426036 0.041420 0.508876
0.136095 0.094675 0.065089 0.704142
0.112426 0.236686 0.508876 0.142012

MOTIF motif_2 motif_2
letter-probability matrix: alength= 4 w= 24
0.551351 0.016216 0.378378 0.054054
0.778378 0.000000 0.178378 0.043243
0.010811 0.021622 0.956757 0.010811
0.016216 0.054054 0.918919 0.010811
0.021622 0.081081 0.037838 0.859459
0.010811 0.945946 0.021622 0.021622
0.913514 0.043243 0.021622 0.021622
0.486486 0.254054 0.167568 0.091892
0.605405 0.064865 0.183784 0.145946
0.183784 0.108108 0.632432 0.075676
0.221622 0.151351 0.556757 0.070270
0.162162 0.172973 0.329730 0.335135
0.183784 0.432432 0.232432 0.151351
0.427027 0.259459 0.189189 0.124324
0.232432 0.172973 0.329730 0.264865
0.183784 0.102703 0.297297 0.416216
0.210811 0.356757 0.270270 0.162162
0.297297 0.194595 0.270270 0.237838
0.335135 0.210811 0.254054 0.200000
0.345946 0.140541 0.329730 0.183784
0.091892 0.286486 0.227027 0.394595
0.243243 0.281081 0.205405 0.270270
0.318919 0.243243 0.091892 0.345946
0.362162 0.259459 0.194595 0.183784

MOTIF motif_10 motif_10
letter-probability matrix: alength= 4 w= 24
0.201613 0.298387 0.064516 0.435484
0.411290 0.177419 0.088710 0.322581
0.024194 0.169355 0.161290 0.645161
0.209677 0.032258 0.701613 0.056452
0.645161 0.153226 0.161290 0.040323
0.040323 0.895161 0.016129 0.048387
0.016129 0.822581 0.024194 0.137097
0.032258 0.129032 0.016129 0.822581
0.016129 0.112903 0.040323 0.830645
0.088710 0.032258 0.145161 0.733871
0.016129 0.153226 0.548387 0.282258
0.459677 0.250000 0.153226 0.137097
0.193548 0.580645 0.153226 0.072581
0.233871 0.564516 0.112903 0.088710
0.024194 0.258065 0.201613 0.516129
0.233871 0.177419 0.112903 0.475806
0.314516 0.395161 0.161290 0.129032
0.459677 0.193548 0.145161 0.201613
0.048387 0.233871 0.475806 0.241935
0.508065 0.217742 0.112903 0.161290
0.161290 0.201613 0.064516 0.572581
0.322581 0.145161 0.169355 0.362903
0.346774 0.338710 0.201613 0.112903
0.193548 0.241935 0.185484 0.379032

MOTIF motif_14 motif_14
letter-probability matrix: alength= 4 w= 24
0.333333 0.225352 0.234742 0.206573
0.286385 0.225352 0.230047 0.258216
0.244131 0.314554 0.206573 0.234742
0.258216 0.328638 0.173709 0.239437
0.309859 0.244131 0.220657 0.225352
0.220657 0.239437 0.291080 0.248826
0.267606 0.253521 0.300469 0.178404
0.441315 0.122066 0.230047 0.206573
0.272300 0.117371 0.417840 0.192488
0.131455 0.164319 0.558685 0.145540
0.150235 0.140845 0.389671 0.319249
0.150235 0.366197 0.145540 0.338028
0.375587 0.427230 0.093897 0.103286
0.723005 0.051643 0.079812 0.145540
0.507042 0.032864 0.422535 0.037559
0.830986 0.009390 0.159624 0.000000
0.004695 0.004695 0.971831 0.018779
0.004695 0.000000 0.990610 0.004695
0.000000 0.023474 0.042254 0.934272
0.000000 0.896714 0.004695 0.098592
0.976526 0.004695 0.009390 0.009390
0.422535 0.131455 0.234742 0.211268
0.295775 0.253521 0.319249 0.131455
0.262911 0.136150 0.300469 0.300469

