MEME version 4

ALPHABET= ACGT

strands: + -

MOTIF motif_1 motif_1
letter-probability matrix: alength= 4 w= 24
0.103448 0.559387 0.168582 0.168582
0.141762 0.455939 0.191571 0.210728
0.076628 0.337165 0.260536 0.325670
0.168582 0.264368 0.149425 0.417625
0.007663 0.007663 0.015326 0.969349
0.015326 0.015326 0.904215 0.065134
0.777778 0.111111 0.084291 0.026820
0.026820 0.850575 0.022989 0.099617
0.030651 0.908046 0.038314 0.022989
0.011494 0.268199 0.042146 0.678161
0.068966 0.390805 0.103448 0.436782
0.149425 0.233716 0.160920 0.455939
0.164751 0.218391 0.249042 0.367816
0.229885 0.126437 0.517241 0.126437
0.371648 0.241379 0.329502 0.057471
0.026820 0.567050 0.275862 0.130268
0.126437 0.494253 0.176245 0.203065
0.203065 0.287356 0.137931 0.371648
0.195402 0.325670 0.157088 0.321839
0.371648 0.164751 0.187739 0.275862
0.153257 0.241379 0.436782 0.168582
0.199234 0.321839 0.206897 0.272031
0.180077 0.157088 0.183908 0.478927
0.153257 0.256705 0.325670 0.264368

MOTIF motif_11 motif_11
letter-probability matrix: alength= 4 w= 24
0.185771 0.185771 0.438735 0.189723
0.260870 0.154150 0.454545 0.130435
0.142292 0.205534 0.209486 0.442688
0.134387 0.545455 0.150198 0.169960
0.624506 0.114625 0.122530 0.138340
0.438735 0.079051 0.387352 0.094862
0.723320 0.000000 0.276680 0.000000
0.011858 0.003953 0.964427 0.019763
0.011858 0.000000 0.984190 0.003953
0.015810 0.047431 0.055336 0.881423
0.000000 0.924901 0.039526 0.035573
0.901186 0.055336 0.039526 0.003953
0.332016 0.217391 0.249012 0.201581
0.209486 0.276680 0.320158 0.193676
0.407115 0.213439 0.205534 0.173913
0.083004 0.371542 0.363636 0.181818
0.241107 0.296443 0.256917 0.205534
0.173913 0.173913 0.237154 0.415020
0.201581 0.347826 0.252964 0.197628
0.411067 0.090909 0.288538 0.209486
0.217391 0.209486 0.371542 0.201581
0.241107 0.284585 0.237154 0.237154
0.245059 0.221344 0.316206 0.217391
0.300395 0.169960 0.245059 0.284585

MOTIF motif_5 motif_5
letter-probability matrix: alength= 4 w= 24
0.322581 0.145161 0.231183 0.301075
0.381720 0.150538 0.381720 0.086022
0.129032 0.225806 0.510753 0.134409
0.182796 0.311828 0.247312 0.258065
0.172043 0.306452 0.290323 0.231183
0.193548 0.290323 0.263441 0.252688
0.236559 0.397849 0.204301 0.161290
0.311828 0.182796 0.284946 0.220430
0.193548 0.231183 0.279570 0.295699
0.204301 0.333333 0.333333 0.129032
0.279570 0.306452 0.344086 0.069892
0.258065 0.290323 0.279570 0.172043
0.139785 0.338710 0.155914 0.365591
0.145161 0.344086 0.188172 0.322581
0.231183 0.225806 0.188172 0.354839
0.016129 0.048387 0.075269 0.860215
0.026882 0.059140 0.897849 0.016129
0.887097 0.048387 0.059140 0.005376
0.005376 0.973118 0.005376 0.016129
0.021505 0.908602 0.005376 0.064516
0.000000 0.053763 0.064516 0.881720
0.032258 0.569892 0.075269 0.322581
0.139785 0.231183 0.032258 0.596774
0.053763 0.139785 0.500000 0.306452

MOTIF motif_2 motif_2
letter-probability matrix: alength= 4 w= 24
0.302885 0.221154 0.245192 0.230769
0.432692 0.225962 0.197115 0.144231
0.091346 0.254808 0.437500 0.216346
0.225962 0.211538 0.326923 0.235577
0.225962 0.096154 0.274038 0.403846
0.173077 0.427885 0.187500 0.211538
0.528846 0.168269 0.129808 0.173077
0.375000 0.197115 0.177885 0.250000
0.250000 0.245192 0.389423 0.115385
0.225962 0.264423 0.250000 0.259615
0.134615 0.168269 0.312500 0.384615
0.076923 0.149038 0.432692 0.341346
0.245192 0.346154 0.350962 0.057692
0.403846 0.384615 0.115385 0.096154
0.182692 0.423077 0.254808 0.139423
0.149038 0.278846 0.336538 0.235577
0.048077 0.355769 0.163462 0.432692
0.067308 0.447115 0.173077 0.312500
0.105769 0.028846 0.004808 0.860577
0.057692 0.028846 0.894231 0.019231
0.961538 0.000000 0.024038 0.014423
0.038462 0.913462 0.033654 0.014423
0.033654 0.908654 0.009615 0.048077
0.072115 0.221154 0.019231 0.687500

MOTIF motif_10 motif_10
letter-probability matrix: alength= 4 w= 24
0.274194 0.193548 0.104839 0.427419
0.000000 0.040323 0.032258 0.927419
0.080645 0.040323 0.830645 0.048387
0.870968 0.096774 0.032258 0.000000
0.040323 0.846774 0.016129 0.096774
0.048387 0.846774 0.072581 0.032258
0.064516 0.161290 0.008065 0.766129
0.040323 0.338710 0.040323 0.580645
0.112903 0.129032 0.072581 0.685484
0.185484 0.024194 0.346774 0.443548
0.370968 0.048387 0.556452 0.024194
0.435484 0.362903 0.137097 0.064516
0.104839 0.725806 0.072581 0.096774
0.016129 0.629032 0.080645 0.274194
0.153226 0.290323 0.024194 0.532258
0.088710 0.217742 0.169355 0.524194
0.233871 0.177419 0.322581 0.266129
0.346774 0.225806 0.209677 0.217742
0.209677 0.395161 0.161290 0.233871
0.129032 0.370968 0.217742 0.282258
0.056452 0.274194 0.104839 0.564516
0.483871 0.112903 0.201613 0.201613
0.217742 0.088710 0.387097 0.306452
0.193548 0.306452 0.145161 0.354839

MOTIF motif_14 motif_14
letter-probability matrix: alength= 4 w= 24
0.464789 0.056338 0.408451 0.070423
0.161972 0.077465 0.669014 0.091549
0.091549 0.204225 0.500000 0.204225
0.133803 0.253521 0.239437 0.373239
0.211268 0.415493 0.112676 0.260563
0.422535 0.302817 0.176056 0.098592
0.563380 0.112676 0.218310 0.105634
0.443662 0.021127 0.422535 0.112676
0.873239 0.007042 0.098592 0.021127
0.028169 0.000000 0.964789 0.007042
0.042254 0.000000 0.950704 0.007042
0.007042 0.014085 0.091549 0.887324
0.007042 0.950704 0.007042 0.035211
0.992958 0.000000 0.007042 0.000000
0.450704 0.105634 0.373239 0.070423
0.309859 0.183099 0.464789 0.042254
0.176056 0.126761 0.549296 0.147887
0.084507 0.211268 0.457746 0.246479
0.119718 0.260563 0.253521 0.366197
0.211268 0.478873 0.169014 0.140845
0.422535 0.147887 0.345070 0.084507
0.316901 0.316901 0.183099 0.183099
0.176056 0.154930 0.225352 0.443662
0.105634 0.330986 0.352113 0.211268

