MEME version 4

ALPHABET= ACGT

strands: + -

MOTIF motif_2 motif_2
letter-probability matrix: alength= 4 w= 24
0.544444 0.044444 0.277778 0.133333
0.366667 0.488889 0.033333 0.111111
0.811111 0.122222 0.000000 0.066667
0.533333 0.155556 0.311111 0.000000
0.700000 0.022222 0.211111 0.066667
0.744444 0.055556 0.200000 0.000000
0.844444 0.000000 0.000000 0.155556
0.566667 0.211111 0.222222 0.000000
0.677778 0.077778 0.211111 0.033333
0.700000 0.122222 0.122222 0.055556
0.355556 0.133333 0.377778 0.133333
0.500000 0.077778 0.177778 0.244444
0.500000 0.244444 0.077778 0.177778
0.244444 0.133333 0.433333 0.188889
0.433333 0.033333 0.455556 0.077778
0.477778 0.188889 0.300000 0.033333
0.600000 0.133333 0.155556 0.111111
0.611111 0.122222 0.211111 0.055556
0.033333 0.400000 0.377778 0.188889
0.744444 0.022222 0.122222 0.111111
0.933333 0.033333 0.033333 0.000000
0.422222 0.311111 0.244444 0.022222
0.544444 0.088889 0.288889 0.077778
0.222222 0.277778 0.477778 0.022222

