MEME version 4

ALPHABET= ACGT

strands: + -

MOTIF motif_2 motif_2
letter-probability matrix: alength= 4 w= 24
0.526316 0.087719 0.333333 0.052632
0.000000 1.000000 0.000000 0.000000
0.350877 0.508772 0.035088 0.105263
0.508772 0.070175 0.087719 0.333333
0.263158 0.000000 0.701754 0.035088
0.894737 0.035088 0.052632 0.017544
0.000000 0.315789 0.684211 0.000000
0.280702 0.421053 0.017544 0.280702
0.315789 0.017544 0.649123 0.017544
0.929825 0.052632 0.000000 0.017544
0.035088 0.859649 0.017544 0.087719
0.017544 0.070175 0.070175 0.842105
0.017544 0.877193 0.000000 0.105263
0.035088 0.929825 0.017544 0.017544
0.982456 0.000000 0.017544 0.000000
0.017544 0.000000 0.017544 0.964912
0.035088 0.508772 0.052632 0.403509
0.000000 0.000000 0.000000 1.000000
0.000000 0.000000 0.000000 1.000000
0.052632 0.000000 0.877193 0.070175
0.456140 0.122807 0.280702 0.140351
0.421053 0.070175 0.140351 0.368421
0.070175 0.140351 0.035088 0.754386
0.561404 0.192982 0.087719 0.157895

MOTIF motif_6 motif_6
letter-probability matrix: alength= 4 w= 24
0.979592 0.000000 0.000000 0.020408
0.142857 0.000000 0.857143 0.000000
0.979592 0.000000 0.020408 0.000000
0.000000 0.000000 0.000000 1.000000
0.000000 0.000000 1.000000 0.000000
0.020408 0.000000 0.979592 0.000000
0.959184 0.020408 0.020408 0.000000
0.020408 0.000000 0.979592 0.000000
0.040816 0.020408 0.000000 0.938776
0.000000 0.571429 0.000000 0.428571
0.489796 0.000000 0.428571 0.081633
0.020408 0.632653 0.285714 0.061224
0.000000 0.000000 0.000000 1.000000
0.000000 0.653061 0.102041 0.244898
0.306122 0.040816 0.000000 0.653061
0.061224 0.020408 0.795918 0.122449
0.000000 0.000000 1.000000 0.000000
0.000000 0.285714 0.000000 0.714286
0.000000 0.204082 0.000000 0.795918
0.265306 0.551020 0.000000 0.183673
0.591837 0.061224 0.285714 0.061224
0.775510 0.183673 0.040816 0.000000
0.653061 0.020408 0.102041 0.224490
0.061224 0.448980 0.081633 0.408163

