MEME version 4

ALPHABET= ACGT

strands: + -

MOTIF motif_1 motif_1
letter-probability matrix: alength= 4 w= 24
0.174107 0.171875 0.611607 0.042411
0.069196 0.727679 0.127232 0.075893
0.390625 0.397321 0.131696 0.080357
0.017857 0.111607 0.142857 0.727679
0.006696 0.040179 0.944196 0.008929
0.000000 0.986607 0.004464 0.008929
0.000000 0.000000 0.977679 0.022321
0.008929 0.970982 0.006696 0.013393
0.654018 0.140625 0.185268 0.020089
0.104911 0.220982 0.500000 0.174107
0.145089 0.191964 0.529018 0.133929
0.151786 0.448661 0.310268 0.089286
0.178571 0.292411 0.441964 0.087054
0.073661 0.482143 0.343750 0.100446
0.203125 0.285714 0.359375 0.151786
0.120536 0.377232 0.319196 0.183036
0.129464 0.332589 0.254464 0.283482
0.203125 0.279018 0.375000 0.142857
0.158482 0.292411 0.392857 0.156250
0.156250 0.339286 0.303571 0.200893
0.129464 0.316964 0.419643 0.133929
0.169643 0.421875 0.256696 0.151786
0.191964 0.325893 0.341518 0.140625
0.091518 0.406250 0.299107 0.203125

MOTIF motif_7 motif_7
letter-probability matrix: alength= 4 w= 24
0.118881 0.367133 0.384615 0.129371
0.143357 0.611888 0.143357 0.101399
0.188811 0.384615 0.209790 0.216783
0.248252 0.426573 0.248252 0.076923
0.143357 0.237762 0.506993 0.111888
0.157343 0.517483 0.244755 0.080420
0.328671 0.412587 0.087413 0.171329
0.255245 0.314685 0.269231 0.160839
0.125874 0.342657 0.276224 0.255245
0.104895 0.416084 0.255245 0.223776
0.146853 0.076923 0.762238 0.013986
0.090909 0.713287 0.125874 0.069930
0.041958 0.045455 0.811189 0.101399
0.017483 0.832168 0.055944 0.094406
0.482517 0.342657 0.160839 0.013986
0.038462 0.223776 0.069930 0.667832
0.003497 0.055944 0.940559 0.000000
0.055944 0.800699 0.108392 0.034965
0.059441 0.125874 0.772727 0.041958
0.024476 0.891608 0.020979 0.062937
0.597902 0.097902 0.174825 0.129371
0.104895 0.139860 0.671329 0.083916
0.111888 0.195804 0.398601 0.293706
0.087413 0.339161 0.545455 0.027972

MOTIF motif_2 motif_2
letter-probability matrix: alength= 4 w= 24
0.131519 0.260771 0.442177 0.165533
0.104308 0.349206 0.358277 0.188209
0.160998 0.374150 0.272109 0.192744
0.156463 0.417234 0.299320 0.126984
0.147392 0.421769 0.290249 0.140590
0.113379 0.439909 0.292517 0.154195
0.315193 0.353741 0.204082 0.126984
0.120181 0.442177 0.335601 0.102041
0.108844 0.312925 0.108844 0.469388
0.099773 0.034014 0.854875 0.011338
0.117914 0.818594 0.047619 0.015873
0.038549 0.034014 0.902494 0.024943
0.002268 0.900227 0.061224 0.036281
0.612245 0.276644 0.104308 0.006803
0.013605 0.058957 0.199546 0.727891
0.006803 0.061224 0.907029 0.024943
0.009070 0.941043 0.011338 0.038549
0.004535 0.022676 0.893424 0.079365
0.011338 0.922902 0.020408 0.045351
0.505669 0.133787 0.297052 0.063492
0.140590 0.297052 0.448980 0.113379
0.172336 0.297052 0.272109 0.258503
0.176871 0.235828 0.489796 0.097506
0.142857 0.362812 0.412698 0.081633

MOTIF motif_6 motif_6
letter-probability matrix: alength= 4 w= 24
0.204301 0.327957 0.346774 0.120968
0.190860 0.346774 0.250000 0.212366
0.137097 0.373656 0.338710 0.150538
0.209677 0.330645 0.303763 0.155914
0.223118 0.405914 0.322581 0.048387
0.193548 0.344086 0.309140 0.153226
0.112903 0.443548 0.330645 0.112903
0.239247 0.325269 0.274194 0.161290
0.096774 0.540323 0.282258 0.080645
0.064516 0.338710 0.153226 0.443548
0.102151 0.002688 0.892473 0.002688
0.056452 0.916667 0.024194 0.002688
0.034946 0.002688 0.954301 0.008065
0.000000 0.970430 0.013441 0.016129
0.758065 0.161290 0.069892 0.010753
0.016129 0.067204 0.185484 0.731183
0.024194 0.048387 0.927419 0.000000
0.008065 0.938172 0.010753 0.043011
0.029570 0.029570 0.784946 0.155914
0.008065 0.905914 0.018817 0.067204
0.440860 0.185484 0.284946 0.088710
0.129032 0.362903 0.405914 0.102151
0.147849 0.233871 0.287634 0.330645
0.104839 0.241935 0.529570 0.123656

