MEME version 4

ALPHABET= ACGT

strands: + -

MOTIF motif_11 motif_11
letter-probability matrix: alength= 4 w= 24
0.232955 0.318182 0.272727 0.176136
0.301136 0.193182 0.244318 0.261364
0.255682 0.272727 0.261364 0.210227
0.125000 0.323864 0.295455 0.255682
0.215909 0.181818 0.255682 0.346591
0.028409 0.000000 0.011364 0.960227
0.000000 0.000000 1.000000 0.000000
1.000000 0.000000 0.000000 0.000000
0.017045 0.119318 0.386364 0.477273
0.017045 0.005682 0.017045 0.960227
0.000000 0.005682 0.994318 0.000000
0.840909 0.000000 0.153409 0.005682
0.000000 1.000000 0.000000 0.000000
0.948864 0.000000 0.051136 0.000000
0.022727 0.130682 0.744318 0.102273
0.113636 0.340909 0.426136 0.119318
0.119318 0.386364 0.181818 0.312500
0.250000 0.392045 0.255682 0.102273
0.250000 0.272727 0.198864 0.278409
0.340909 0.244318 0.272727 0.142045
0.261364 0.198864 0.278409 0.261364
0.227273 0.312500 0.289773 0.170455
0.244318 0.221591 0.312500 0.221591
0.306818 0.278409 0.244318 0.170455

MOTIF motif_2 motif_2
letter-probability matrix: alength= 4 w= 24
0.189394 0.382576 0.310606 0.117424
0.079545 0.590909 0.166667 0.162879
0.159091 0.227273 0.045455 0.568182
0.261364 0.049242 0.647727 0.041667
0.030303 0.166667 0.022727 0.780303
0.045455 0.818182 0.068182 0.068182
0.837121 0.053030 0.011364 0.098485
0.401515 0.280303 0.208333 0.109848
0.034091 0.049242 0.037879 0.878788
0.049242 0.848485 0.034091 0.068182
0.795455 0.030303 0.087121 0.087121
0.143939 0.310606 0.284091 0.261364
0.291667 0.333333 0.117424 0.257576
0.261364 0.223485 0.333333 0.181818
0.109848 0.174242 0.299242 0.416667
0.155303 0.280303 0.424242 0.140152
0.481061 0.121212 0.246212 0.151515
0.170455 0.215909 0.458333 0.155303
0.071970 0.193182 0.291667 0.443182
0.200758 0.231061 0.412879 0.155303
0.344697 0.136364 0.314394 0.204545
0.106061 0.583333 0.212121 0.098485
0.492424 0.303030 0.136364 0.068182
0.215909 0.284091 0.348485 0.151515

MOTIF motif_10 motif_10
letter-probability matrix: alength= 4 w= 24
0.201031 0.278351 0.201031 0.319588
0.211340 0.216495 0.371134 0.201031
0.226804 0.216495 0.365979 0.190722
0.257732 0.298969 0.195876 0.247423
0.185567 0.324742 0.262887 0.226804
0.242268 0.257732 0.231959 0.268041
0.195876 0.293814 0.288660 0.221649
0.226804 0.335052 0.211340 0.226804
0.262887 0.257732 0.242268 0.237113
0.149485 0.257732 0.329897 0.262887
0.283505 0.201031 0.381443 0.134021
0.082474 0.469072 0.288660 0.159794
0.118557 0.747423 0.123711 0.010309
0.030928 0.108247 0.015464 0.845361
0.020619 0.000000 0.979381 0.000000
0.000000 0.103093 0.000000 0.896907
0.000000 1.000000 0.000000 0.000000
0.948454 0.025773 0.015464 0.010309
0.443299 0.335052 0.216495 0.005155
0.000000 0.005155 0.000000 0.994845
0.000000 0.984536 0.000000 0.015464
0.927835 0.015464 0.010309 0.046392
0.252577 0.304124 0.206186 0.237113
0.273196 0.206186 0.273196 0.247423

