MEME version 4

ALPHABET= ACGT

strands: + -

MOTIF motif_1 motif_1
letter-probability matrix: alength= 4 w= 24
0.269592 0.238245 0.304075 0.188088
0.219436 0.206897 0.319749 0.253918
0.191223 0.319749 0.235110 0.253918
0.257053 0.228840 0.326019 0.188088
0.282132 0.172414 0.347962 0.197492
0.200627 0.376176 0.257053 0.166144
0.228840 0.316614 0.235110 0.219436
0.235110 0.260188 0.288401 0.216301
0.159875 0.322884 0.216301 0.300940
0.235110 0.235110 0.263323 0.266458
0.084639 0.354232 0.219436 0.341693
0.062696 0.137931 0.416928 0.382445
0.015674 0.006270 0.974922 0.003135
0.015674 0.003135 0.009404 0.971787
0.040752 0.059561 0.003135 0.896552
0.159875 0.009404 0.761755 0.068966
0.000000 0.871473 0.006270 0.122257
0.015674 0.717868 0.021944 0.244514
0.836991 0.018809 0.028213 0.115987
0.144201 0.025078 0.106583 0.724138
0.018809 0.012539 0.956113 0.012539
0.059561 0.175549 0.752351 0.012539
0.347962 0.404389 0.031348 0.216301
0.849530 0.006270 0.106583 0.037618

MOTIF motif_10 motif_10
letter-probability matrix: alength= 4 w= 24
0.097872 0.370213 0.225532 0.306383
0.117021 0.153191 0.344681 0.385106
0.021277 0.029787 0.927660 0.021277
0.010638 0.004255 0.076596 0.908511
0.093617 0.095745 0.002128 0.808511
0.268085 0.014894 0.551064 0.165957
0.002128 0.821277 0.068085 0.108511
0.004255 0.887234 0.000000 0.108511
0.897872 0.034043 0.014894 0.053191
0.021277 0.010638 0.006383 0.961702
0.134043 0.000000 0.865957 0.000000
0.072340 0.006383 0.921277 0.000000
0.125532 0.565957 0.025532 0.282979
0.795745 0.004255 0.119149 0.080851
0.980851 0.004255 0.002128 0.012766
0.002128 0.931915 0.004255 0.061702
0.344681 0.387234 0.155319 0.112766
0.274468 0.182979 0.427660 0.114894
0.236170 0.295745 0.221277 0.246809
0.312766 0.248936 0.261702 0.176596
0.312766 0.210638 0.231915 0.244681
0.238298 0.297872 0.268085 0.195745
0.261702 0.278723 0.272340 0.187234
0.217021 0.240426 0.248936 0.293617

MOTIF motif_6 motif_6
letter-probability matrix: alength= 4 w= 24
0.208678 0.262397 0.291322 0.237603
0.194215 0.309917 0.243802 0.252066
0.206612 0.322314 0.210744 0.260331
0.231405 0.245868 0.221074 0.301653
0.229339 0.293388 0.270661 0.206612
0.099174 0.371901 0.206612 0.322314
0.103306 0.148760 0.373967 0.373967
0.022727 0.004132 0.973140 0.000000
0.004132 0.002066 0.012397 0.981405
0.086777 0.078512 0.002066 0.832645
0.274793 0.016529 0.619835 0.088843
0.000000 0.890496 0.006198 0.103306
0.000000 0.834711 0.000000 0.165289
0.923554 0.008264 0.014463 0.053719
0.061983 0.014463 0.047521 0.876033
0.078512 0.000000 0.921488 0.000000
0.074380 0.088843 0.834711 0.002066
0.221074 0.475207 0.033058 0.270661
0.816116 0.008264 0.105372 0.070248
0.896694 0.092975 0.004132 0.006198
0.037190 0.878099 0.016529 0.068182
0.349174 0.355372 0.190083 0.105372
0.268595 0.190083 0.419421 0.121901
0.221074 0.287190 0.245868 0.245868

MOTIF motif_4 motif_4
letter-probability matrix: alength= 4 w= 24
0.101351 0.422297 0.087838 0.388514
0.364865 0.256757 0.246622 0.131757
0.101351 0.162162 0.077703 0.658784
0.013514 0.189189 0.520270 0.277027
0.087838 0.054054 0.844595 0.013514
0.040541 0.158784 0.013514 0.787162
0.212838 0.074324 0.064189 0.648649
0.540541 0.006757 0.364865 0.087838
0.037162 0.800676 0.030405 0.131757
0.064189 0.763514 0.111486 0.060811
0.689189 0.097973 0.131757 0.081081
0.118243 0.097973 0.003378 0.780405
0.219595 0.030405 0.743243 0.006757
0.222973 0.043919 0.692568 0.040541
0.175676 0.469595 0.097973 0.256757
0.564189 0.047297 0.212838 0.175676
0.618243 0.077703 0.263514 0.040541
0.108108 0.793919 0.054054 0.043919
0.371622 0.412162 0.152027 0.064189
0.415541 0.216216 0.280405 0.087838
0.209459 0.277027 0.402027 0.111486
0.182432 0.266892 0.358108 0.192568
0.243243 0.138514 0.216216 0.402027
0.152027 0.290541 0.222973 0.334459

