MEME version 4

ALPHABET= ACGT

strands: + -

MOTIF motif_1 motif_1
letter-probability matrix: alength= 4 w= 24
0.165468 0.287770 0.294964 0.251799
0.172662 0.223022 0.251799 0.352518
0.251799 0.345324 0.151079 0.251799
0.309353 0.172662 0.187050 0.330935
0.244604 0.129496 0.424460 0.201439
0.237410 0.424460 0.122302 0.215827
0.294964 0.151079 0.532374 0.021583
0.014388 0.043165 0.021583 0.920863
0.071942 0.870504 0.021583 0.035971
0.877698 0.028777 0.035971 0.057554
0.043165 0.287770 0.172662 0.496403
0.028777 0.597122 0.071942 0.302158
0.395683 0.028777 0.064748 0.510791
0.043165 0.007194 0.949640 0.000000
0.007194 0.014388 0.007194 0.971223
0.100719 0.251799 0.007194 0.640288
0.273381 0.021583 0.553957 0.151079
0.021583 0.856115 0.007194 0.115108
0.007194 0.438849 0.000000 0.553957
0.726619 0.043165 0.208633 0.021583
0.143885 0.050360 0.669065 0.136691
0.035971 0.100719 0.820144 0.043165
0.143885 0.316547 0.323741 0.215827
0.561151 0.158273 0.223022 0.057554

MOTIF motif_13 motif_13
letter-probability matrix: alength= 4 w= 24
0.244444 0.222222 0.322222 0.211111
0.244444 0.400000 0.122222 0.233333
0.333333 0.111111 0.122222 0.433333
0.077778 0.133333 0.222222 0.566667
0.022222 0.355556 0.022222 0.600000
0.044444 0.166667 0.100000 0.688889
0.177778 0.433333 0.244444 0.144444
0.000000 0.811111 0.100000 0.088889
0.200000 0.666667 0.000000 0.133333
0.088889 0.177778 0.000000 0.733333
0.655556 0.022222 0.311111 0.011111
0.144444 0.000000 0.766667 0.088889
0.022222 0.566667 0.011111 0.400000
0.755556 0.000000 0.211111 0.033333
0.888889 0.033333 0.033333 0.044444
0.011111 0.933333 0.044444 0.011111
0.444444 0.133333 0.022222 0.400000
0.388889 0.066667 0.488889 0.055556
0.555556 0.166667 0.133333 0.144444
0.000000 0.122222 0.011111 0.866667
0.100000 0.011111 0.811111 0.077778
0.844444 0.077778 0.022222 0.055556
0.044444 0.577778 0.088889 0.288889
0.277778 0.100000 0.300000 0.322222

MOTIF motif_11 motif_11
letter-probability matrix: alength= 4 w= 24
0.089109 0.079208 0.158416 0.673267
0.059406 0.455446 0.079208 0.405941
0.049505 0.118812 0.049505 0.782178
0.148515 0.435644 0.297030 0.118812
0.009901 0.920792 0.059406 0.009901
0.148515 0.722772 0.000000 0.128713
0.009901 0.158416 0.009901 0.821782
0.653465 0.000000 0.346535 0.000000
0.099010 0.000000 0.900990 0.000000
0.089109 0.584158 0.019802 0.306931
0.722772 0.000000 0.198020 0.079208
0.990099 0.000000 0.000000 0.009901
0.000000 0.940594 0.009901 0.049505
0.396040 0.059406 0.029703 0.514851
0.405941 0.049505 0.435644 0.108911
0.495050 0.227723 0.267327 0.009901
0.029703 0.079208 0.009901 0.881188
0.039604 0.029703 0.821782 0.108911
0.861386 0.029703 0.069307 0.039604
0.039604 0.504950 0.118812 0.336634
0.207921 0.138614 0.435644 0.217822
0.089109 0.396040 0.138614 0.376238
0.326733 0.178218 0.158416 0.336634
0.267327 0.089109 0.465347 0.178218

MOTIF motif_6 motif_6
letter-probability matrix: alength= 4 w= 24
0.200000 0.042857 0.400000 0.357143
0.228571 0.300000 0.128571 0.342857
0.542857 0.085714 0.142857 0.228571
0.042857 0.028571 0.300000 0.628571
0.042857 0.000000 0.785714 0.171429
0.114286 0.357143 0.057143 0.471429
0.385714 0.142857 0.042857 0.428571
0.557143 0.071429 0.185714 0.185714
0.242857 0.200000 0.057143 0.500000
0.385714 0.171429 0.085714 0.357143
0.471429 0.200000 0.114286 0.214286
0.085714 0.314286 0.042857 0.557143
0.614286 0.042857 0.042857 0.300000
0.342857 0.085714 0.242857 0.328571
0.214286 0.057143 0.085714 0.642857
0.057143 0.028571 0.257143 0.657143
0.628571 0.157143 0.042857 0.171429
0.085714 0.042857 0.028571 0.842857
0.414286 0.028571 0.157143 0.400000
0.257143 0.200000 0.185714 0.357143
0.871429 0.028571 0.014286 0.085714
0.571429 0.042857 0.085714 0.300000
0.157143 0.157143 0.100000 0.585714
0.714286 0.085714 0.157143 0.042857

MOTIF motif_14 motif_14
letter-probability matrix: alength= 4 w= 24
0.316770 0.105590 0.329193 0.248447
0.242236 0.403727 0.105590 0.248447
0.279503 0.173913 0.484472 0.062112
0.124224 0.093168 0.111801 0.670807
0.099379 0.658385 0.043478 0.198758
0.652174 0.118012 0.198758 0.031056
0.136646 0.223602 0.198758 0.440994
0.055901 0.552795 0.068323 0.322981
0.403727 0.037267 0.074534 0.484472
0.018634 0.043478 0.832298 0.105590
0.024845 0.118012 0.031056 0.826087
0.043478 0.167702 0.000000 0.788820
0.229814 0.018634 0.645963 0.105590
0.006211 0.931677 0.000000 0.062112
0.018634 0.465839 0.000000 0.515528
0.515528 0.118012 0.223602 0.142857
0.186335 0.012422 0.664596 0.136646
0.037267 0.080745 0.838509 0.043478
0.173913 0.378882 0.260870 0.186335
0.670807 0.074534 0.173913 0.080745
0.559006 0.074534 0.341615 0.024845
0.552795 0.267081 0.167702 0.012422
0.329193 0.124224 0.204969 0.341615
0.204969 0.142857 0.385093 0.267081

