MEME version 4

ALPHABET= ACGT

strands: + -

MOTIF motif_1 motif_1
letter-probability matrix: alength= 4 w= 24
0.322581 0.108871 0.516129 0.052419
0.080645 0.004032 0.915323 0.000000
0.157258 0.020161 0.798387 0.024194
0.205645 0.548387 0.088710 0.157258
0.024194 0.294355 0.572581 0.108871
0.068548 0.274194 0.487903 0.169355
0.120968 0.435484 0.427419 0.016129
0.104839 0.008065 0.875000 0.012097
0.020161 0.947581 0.020161 0.012097
0.008065 0.846774 0.036290 0.108871
0.108871 0.282258 0.080645 0.528226
0.266129 0.379032 0.169355 0.185484
0.112903 0.540323 0.298387 0.048387
0.177419 0.282258 0.245968 0.294355
0.169355 0.395161 0.330645 0.104839
0.233871 0.213710 0.278226 0.274194
0.153226 0.237903 0.387097 0.221774
0.282258 0.213710 0.407258 0.096774
0.145161 0.407258 0.294355 0.153226
0.149194 0.314516 0.455645 0.080645
0.153226 0.209677 0.491935 0.145161
0.225806 0.137097 0.500000 0.137097
0.217742 0.310484 0.447581 0.024194
0.266129 0.193548 0.407258 0.133065

MOTIF motif_13 motif_13
letter-probability matrix: alength= 4 w= 24
0.166667 0.233333 0.200000 0.400000
0.033333 0.000000 0.200000 0.766667
0.533333 0.433333 0.033333 0.000000
0.800000 0.000000 0.200000 0.000000
0.033333 0.400000 0.333333 0.233333
0.000000 0.000000 0.000000 1.000000
0.400000 0.600000 0.000000 0.000000
0.000000 0.000000 0.000000 1.000000
0.000000 1.000000 0.000000 0.000000
1.000000 0.000000 0.000000 0.000000
0.000000 0.966667 0.000000 0.033333
0.033333 0.000000 0.966667 0.000000
1.000000 0.000000 0.000000 0.000000
0.000000 0.000000 0.966667 0.033333
1.000000 0.000000 0.000000 0.000000
0.400000 0.033333 0.000000 0.566667
0.000000 0.833333 0.000000 0.166667
0.433333 0.033333 0.033333 0.500000
0.000000 0.033333 0.966667 0.000000
0.466667 0.433333 0.066667 0.033333
0.433333 0.033333 0.066667 0.466667
0.100000 0.233333 0.533333 0.133333
0.033333 0.033333 0.933333 0.000000
0.066667 0.033333 0.566667 0.333333

MOTIF motif_9 motif_9
letter-probability matrix: alength= 4 w= 24
0.954545 0.000000 0.000000 0.045455
1.000000 0.000000 0.000000 0.000000
0.772727 0.181818 0.045455 0.000000
0.000000 0.954545 0.000000 0.045455
0.227273 0.681818 0.000000 0.090909
0.909091 0.000000 0.090909 0.000000
0.000000 0.318182 0.000000 0.681818
0.000000 0.909091 0.045455 0.045455
0.954545 0.000000 0.045455 0.000000
0.045455 0.000000 0.954545 0.000000
1.000000 0.000000 0.000000 0.000000
0.000000 0.000000 0.000000 1.000000
0.000000 1.000000 0.000000 0.000000
0.000000 0.000000 0.000000 1.000000
0.000000 1.000000 0.000000 0.000000
0.090909 0.000000 0.909091 0.000000
0.000000 0.136364 0.000000 0.863636
0.000000 0.000000 1.000000 0.000000
1.000000 0.000000 0.000000 0.000000
0.000000 0.000000 1.000000 0.000000
1.000000 0.000000 0.000000 0.000000
0.545455 0.454545 0.000000 0.000000
0.000000 0.500000 0.090909 0.409091
0.000000 0.000000 0.000000 1.000000

MOTIF motif_2 motif_2
letter-probability matrix: alength= 4 w= 24
0.291667 0.347222 0.166667 0.194444
0.479167 0.201389 0.090278 0.229167
0.395833 0.062500 0.437500 0.104167
0.076389 0.006944 0.847222 0.069444
0.076389 0.805556 0.027778 0.090278
0.020833 0.694444 0.020833 0.263889
0.243056 0.715278 0.000000 0.041667
0.000000 0.979167 0.006944 0.013889
0.090278 0.000000 0.868056 0.041667
0.000000 0.986111 0.000000 0.013889
0.000000 1.000000 0.000000 0.000000
0.000000 0.854167 0.006944 0.138889
0.180556 0.715278 0.027778 0.076389
0.020833 0.583333 0.104167 0.291667
0.173611 0.256944 0.194444 0.375000
0.208333 0.166667 0.319444 0.305556
0.118056 0.493056 0.250000 0.138889
0.236111 0.458333 0.180556 0.125000
0.125000 0.347222 0.312500 0.215278
0.097222 0.194444 0.534722 0.173611
0.250000 0.409722 0.201389 0.138889
0.131944 0.493056 0.263889 0.111111
0.250000 0.312500 0.243056 0.194444
0.277778 0.361111 0.125000 0.236111

MOTIF motif_6 motif_6
letter-probability matrix: alength= 4 w= 24
0.095745 0.021277 0.867021 0.015957
0.015957 0.026596 0.925532 0.031915
0.010638 0.026596 0.930851 0.031915
0.063830 0.893617 0.005319 0.037234
0.015957 0.005319 0.978723 0.000000
0.010638 0.021277 0.734043 0.234043
0.218085 0.015957 0.760638 0.005319
0.090426 0.021277 0.835106 0.053191
0.058511 0.744681 0.074468 0.122340
0.031915 0.611702 0.069149 0.287234
0.297872 0.180851 0.239362 0.281915
0.101064 0.127660 0.542553 0.228723
0.164894 0.164894 0.494681 0.175532
0.154255 0.297872 0.446809 0.101064
0.085106 0.382979 0.218085 0.313830
0.132979 0.207447 0.542553 0.117021
0.202128 0.255319 0.319149 0.223404
0.180851 0.223404 0.409574 0.186170
0.063830 0.106383 0.654255 0.175532
0.186170 0.218085 0.420213 0.175532
0.175532 0.202128 0.441489 0.180851
0.175532 0.250000 0.414894 0.159574
0.047872 0.202128 0.664894 0.085106
0.079787 0.175532 0.659574 0.085106

