MEME version 4

ALPHABET= ACGT

strands: + -

MOTIF motif_1 motif_1
letter-probability matrix: alength= 4 w= 24
0.000000 0.861925 0.138075 0.000000
0.962343 0.004184 0.016736 0.016736
0.000000 0.912134 0.079498 0.008368
0.000000 0.000000 0.000000 1.000000
0.000000 0.000000 0.000000 1.000000
0.000000 1.000000 0.000000 0.000000
0.000000 0.983264 0.000000 0.016736
0.000000 0.184100 0.020921 0.794979
0.008368 0.861925 0.087866 0.041841
0.138075 0.029289 0.000000 0.832636
0.016736 0.016736 0.000000 0.966527
0.016736 0.037657 0.000000 0.945607
0.029289 0.322176 0.016736 0.631799
0.075314 0.292887 0.154812 0.476987
0.146444 0.271967 0.225941 0.355649
0.179916 0.301255 0.263598 0.255230
0.205021 0.238494 0.196653 0.359833
0.163180 0.297071 0.242678 0.297071
0.192469 0.263598 0.225941 0.317992
0.188285 0.238494 0.213389 0.359833
0.271967 0.251046 0.196653 0.280335
0.213389 0.242678 0.234310 0.309623
0.217573 0.225941 0.242678 0.313808
0.255230 0.259414 0.200837 0.284519

MOTIF motif_13 motif_13
letter-probability matrix: alength= 4 w= 24
0.120690 0.043103 0.267241 0.568966
0.120690 0.422414 0.241379 0.215517
0.396552 0.198276 0.318966 0.086207
0.387931 0.025862 0.258621 0.327586
0.137931 0.232759 0.543103 0.086207
0.508621 0.025862 0.137931 0.327586
0.422414 0.112069 0.310345 0.155172
0.698276 0.060345 0.060345 0.181034
0.146552 0.336207 0.413793 0.103448
0.534483 0.025862 0.137931 0.301724
0.051724 0.077586 0.818966 0.051724
0.129310 0.068966 0.689655 0.112069
0.500000 0.068966 0.327586 0.103448
0.525862 0.060345 0.353448 0.060345
0.568966 0.043103 0.379310 0.008621
0.362069 0.017241 0.224138 0.396552
0.051724 0.043103 0.879310 0.025862
0.500000 0.094828 0.250000 0.155172
0.241379 0.112069 0.568966 0.077586
0.318966 0.155172 0.517241 0.008621
0.456897 0.293103 0.163793 0.086207
0.879310 0.008621 0.051724 0.060345
0.068966 0.043103 0.844828 0.043103
0.163793 0.068966 0.431034 0.336207

MOTIF motif_5 motif_5
letter-probability matrix: alength= 4 w= 24
0.303644 0.198381 0.267206 0.230769
0.299595 0.218623 0.246964 0.234818
0.295547 0.259109 0.238866 0.206478
0.311741 0.230769 0.246964 0.210526
0.412955 0.137652 0.348178 0.101215
0.603239 0.016194 0.364372 0.016194
0.971660 0.000000 0.016194 0.012146
0.983806 0.000000 0.000000 0.016194
0.781377 0.000000 0.024291 0.194332
0.076923 0.097166 0.825911 0.000000
0.761134 0.032389 0.206478 0.000000
0.016194 0.000000 0.983806 0.000000
0.000000 0.000000 1.000000 0.000000
1.000000 0.000000 0.000000 0.000000
1.000000 0.000000 0.000000 0.000000
0.000000 0.089069 0.910931 0.000000
0.004049 0.008097 0.004049 0.983806
0.008097 0.125506 0.862348 0.004049
0.234818 0.311741 0.368421 0.085020
0.259109 0.275304 0.218623 0.246964
0.279352 0.165992 0.230769 0.323887
0.246964 0.210526 0.323887 0.218623
0.287449 0.170040 0.259109 0.283401
0.210526 0.210526 0.307692 0.271255

MOTIF motif_2 motif_2
letter-probability matrix: alength= 4 w= 24
0.600000 0.125000 0.108333 0.166667
0.510417 0.131250 0.102083 0.256250
0.164583 0.187500 0.510417 0.137500
0.512500 0.135417 0.225000 0.127083
0.043750 0.200000 0.647917 0.108333
0.002083 0.418750 0.579167 0.000000
0.997917 0.000000 0.000000 0.002083
0.514583 0.454167 0.025000 0.006250
0.000000 0.045833 0.475000 0.479167
0.002083 0.002083 0.000000 0.995833
0.000000 0.552083 0.447917 0.000000
0.112500 0.639583 0.191667 0.056250
0.131250 0.250000 0.116667 0.502083
0.145833 0.500000 0.150000 0.204167
0.202083 0.129167 0.162500 0.506250
0.160417 0.093750 0.137500 0.608333
0.129167 0.116667 0.156250 0.597917
0.160417 0.272917 0.150000 0.416667
0.181250 0.266667 0.222917 0.329167
0.222917 0.266667 0.227083 0.283333
0.245833 0.252083 0.247917 0.254167
0.239583 0.222917 0.250000 0.287500
0.218750 0.241667 0.268750 0.270833
0.237500 0.210417 0.258333 0.293750

MOTIF motif_10 motif_10
letter-probability matrix: alength= 4 w= 24
0.280612 0.321429 0.198980 0.198980
0.076531 0.341837 0.127551 0.454082
0.025510 0.295918 0.147959 0.530612
0.045918 0.566327 0.081633 0.306122
0.071429 0.846939 0.010204 0.071429
0.096939 0.515306 0.066327 0.321429
0.214286 0.352041 0.107143 0.326531
0.081633 0.403061 0.025510 0.489796
0.107143 0.045918 0.035714 0.811224
0.030612 0.045918 0.117347 0.806122
0.010204 0.275510 0.183673 0.530612
0.010204 0.867347 0.076531 0.045918
0.122449 0.295918 0.086735 0.494898
0.040816 0.224490 0.505102 0.229592
0.066327 0.454082 0.127551 0.352041
0.051020 0.224490 0.056122 0.668367
0.081633 0.571429 0.040816 0.306122
0.234694 0.250000 0.071429 0.443878
0.158163 0.183673 0.229592 0.428571
0.295918 0.301020 0.117347 0.285714
0.163265 0.515306 0.193878 0.127551
0.535714 0.112245 0.122449 0.229592
0.265306 0.204082 0.346939 0.183673
0.275510 0.280612 0.102041 0.341837

MOTIF motif_6 motif_6
letter-probability matrix: alength= 4 w= 24
0.760976 0.000000 0.024390 0.214634
0.048780 0.082927 0.868293 0.000000
0.770732 0.029268 0.200000 0.000000
0.014634 0.000000 0.985366 0.000000
0.000000 0.014634 0.985366 0.000000
1.000000 0.000000 0.000000 0.000000
0.995122 0.000000 0.000000 0.004878
0.000000 0.034146 0.965854 0.000000
0.000000 0.009756 0.004878 0.985366
0.000000 0.156098 0.834146 0.009756
0.248780 0.273171 0.390244 0.087805
0.239024 0.312195 0.204878 0.243902
0.273171 0.160976 0.248780 0.317073
0.258537 0.243902 0.282927 0.214634
0.317073 0.234146 0.229268 0.219512
0.234146 0.248780 0.302439 0.214634
0.346341 0.219512 0.200000 0.234146
0.248780 0.287805 0.287805 0.175610
0.239024 0.278049 0.180488 0.302439
0.331707 0.204878 0.209756 0.253659
0.278049 0.263415 0.268293 0.190244
0.258537 0.224390 0.253659 0.263415
0.248780 0.141463 0.307317 0.302439
0.253659 0.209756 0.287805 0.248780

