MEME version 4

ALPHABET= ACGT

strands: + -

MOTIF motif_1 motif_1
letter-probability matrix: alength= 4 w= 24
0.273585 0.339623 0.188679 0.198113
0.287736 0.207547 0.344340 0.160377
0.240566 0.245283 0.188679 0.325472
0.155660 0.466981 0.250000 0.127358
0.084906 0.160377 0.155660 0.599057
0.066038 0.056604 0.584906 0.292453
0.066038 0.183962 0.528302 0.221698
0.216981 0.207547 0.292453 0.283019
0.250000 0.216981 0.259434 0.273585
0.330189 0.165094 0.259434 0.245283
0.278302 0.273585 0.306604 0.141509
0.212264 0.155660 0.278302 0.353774
0.292453 0.141509 0.367925 0.198113
0.259434 0.297170 0.320755 0.122642
0.688679 0.023585 0.023585 0.264151
0.000000 0.004717 0.995283 0.000000
1.000000 0.000000 0.000000 0.000000
0.000000 0.000000 0.004717 0.995283
0.905660 0.000000 0.004717 0.089623
0.844340 0.009434 0.127358 0.018868
0.150943 0.150943 0.594340 0.103774
0.311321 0.235849 0.344340 0.108491
0.367925 0.207547 0.212264 0.212264
0.353774 0.212264 0.250000 0.183962

MOTIF motif_13 motif_13
letter-probability matrix: alength= 4 w= 24
0.110169 0.288136 0.042373 0.559322
0.084746 0.135593 0.008475 0.771186
0.932203 0.008475 0.033898 0.025424
0.042373 0.000000 0.016949 0.940678
0.000000 0.983051 0.016949 0.000000
0.067797 0.033898 0.025424 0.872881
0.084746 0.305085 0.415254 0.194915
0.042373 0.220339 0.245763 0.491525
0.127119 0.313559 0.245763 0.313559
0.033898 0.516949 0.186441 0.262712
0.169492 0.262712 0.110169 0.457627
0.152542 0.347458 0.245763 0.254237
0.355932 0.203390 0.228814 0.211864
0.237288 0.525424 0.194915 0.042373
0.118644 0.762712 0.025424 0.093220
0.669492 0.067797 0.220339 0.042373
0.186441 0.135593 0.584746 0.093220
0.161017 0.457627 0.262712 0.118644
0.288136 0.338983 0.033898 0.338983
0.093220 0.211864 0.508475 0.186441
0.245763 0.237288 0.237288 0.279661
0.279661 0.254237 0.279661 0.186441
0.254237 0.262712 0.194915 0.288136
0.211864 0.194915 0.220339 0.372881

MOTIF motif_5 motif_5
letter-probability matrix: alength= 4 w= 24
0.079137 0.266187 0.187050 0.467626
0.079137 0.071942 0.334532 0.514388
0.057554 0.287770 0.535971 0.118705
0.161871 0.320144 0.183453 0.334532
0.327338 0.241007 0.226619 0.205036
0.208633 0.366906 0.190647 0.233813
0.284173 0.248201 0.158273 0.309353
0.061151 0.212230 0.446043 0.280576
0.287770 0.205036 0.244604 0.262590
0.169065 0.464029 0.194245 0.172662
0.622302 0.061151 0.064748 0.251799
0.014388 0.118705 0.845324 0.021583
0.877698 0.014388 0.007194 0.100719
0.028777 0.007194 0.014388 0.949640
0.640288 0.093525 0.122302 0.143885
0.651079 0.014388 0.043165 0.291367
0.071942 0.251799 0.607914 0.068345
0.284173 0.255396 0.233813 0.226619
0.215827 0.291367 0.208633 0.284173
0.395683 0.183453 0.223022 0.197842
0.251799 0.294964 0.118705 0.334532
0.280576 0.269784 0.262590 0.187050
0.280576 0.115108 0.197842 0.406475
0.201439 0.284173 0.230216 0.284173

MOTIF motif_2 motif_2
letter-probability matrix: alength= 4 w= 24
0.264706 0.152941 0.205882 0.376471
0.141176 0.247059 0.352941 0.258824
0.464706 0.088235 0.005882 0.441176
0.000000 0.011765 0.841176 0.147059
0.917647 0.052941 0.011765 0.017647
0.017647 0.000000 0.005882 0.976471
0.882353 0.094118 0.000000 0.023529
0.829412 0.023529 0.135294 0.011765
0.111765 0.200000 0.511765 0.176471
0.411765 0.300000 0.235294 0.052941
0.358824 0.258824 0.170588 0.211765
0.329412 0.258824 0.194118 0.217647
0.264706 0.347059 0.247059 0.141176
0.300000 0.194118 0.205882 0.300000
0.323529 0.229412 0.329412 0.117647
0.352941 0.423529 0.117647 0.105882
0.305882 0.352941 0.088235 0.252941
0.241176 0.100000 0.235294 0.423529
0.117647 0.270588 0.405882 0.205882
0.217647 0.152941 0.423529 0.205882
0.152941 0.252941 0.276471 0.317647
0.217647 0.170588 0.382353 0.229412
0.094118 0.235294 0.235294 0.435294
0.182353 0.200000 0.300000 0.317647

MOTIF motif_4 motif_4
letter-probability matrix: alength= 4 w= 24
0.231293 0.244898 0.176871 0.346939
0.238095 0.346939 0.197279 0.217687
0.224490 0.258503 0.108844 0.408163
0.081633 0.360544 0.217687 0.340136
0.081633 0.639456 0.183673 0.095238
0.020408 0.108844 0.000000 0.870748
0.068027 0.000000 0.000000 0.931973
1.000000 0.000000 0.000000 0.000000
0.006803 0.006803 0.000000 0.986395
0.006803 0.993197 0.000000 0.000000
0.163265 0.034014 0.047619 0.755102
0.251701 0.428571 0.197279 0.122449
0.217687 0.258503 0.115646 0.408163
0.306122 0.224490 0.265306 0.204082
0.176871 0.346939 0.224490 0.251701
0.244898 0.217687 0.265306 0.272109
0.149660 0.272109 0.265306 0.312925
0.285714 0.401361 0.149660 0.163265
0.319728 0.503401 0.102041 0.074830
0.272109 0.659864 0.027211 0.040816
0.646259 0.081633 0.224490 0.047619
0.142857 0.183673 0.537415 0.136054
0.326531 0.265306 0.163265 0.244898
0.142857 0.394558 0.204082 0.258503

