MEME version 4

ALPHABET= ACGT

strands: + -

MOTIF motif_1 motif_1
letter-probability matrix: alength= 4 w= 24
0.255061 0.336032 0.263158 0.145749
0.194332 0.331984 0.210526 0.263158
0.161943 0.287449 0.291498 0.259109
0.259109 0.319838 0.226721 0.194332
0.242915 0.267206 0.307692 0.182186
0.206478 0.303644 0.291498 0.198381
0.291498 0.190283 0.218623 0.299595
0.267206 0.182186 0.327935 0.222672
0.246964 0.238866 0.291498 0.222672
0.206478 0.327935 0.323887 0.141700
0.198381 0.352227 0.263158 0.186235
0.214575 0.299595 0.234818 0.251012
0.210526 0.234818 0.319838 0.234818
0.287449 0.271255 0.246964 0.194332
0.214575 0.392713 0.251012 0.141700
0.477733 0.129555 0.170040 0.222672
0.000000 0.781377 0.210526 0.008097
0.408907 0.012146 0.024291 0.554656
0.004049 0.000000 0.008097 0.987854
0.040486 0.562753 0.008097 0.388664
0.587045 0.000000 0.412955 0.000000
0.951417 0.024291 0.024291 0.000000
0.708502 0.024291 0.040486 0.226721
0.060729 0.137652 0.797571 0.004049

MOTIF motif_13 motif_13
letter-probability matrix: alength= 4 w= 24
0.40 0.12 0.18 0.30
0.10 0.24 0.22 0.44
0.22 0.40 0.22 0.16
0.16 0.34 0.22 0.28
0.02 0.86 0.00 0.12
0.10 0.04 0.00 0.86
0.12 0.20 0.02 0.66
0.14 0.00 0.00 0.86
0.04 0.22 0.66 0.08
0.82 0.00 0.02 0.16
0.06 0.00 0.08 0.86
0.04 0.10 0.86 0.00
0.08 0.02 0.00 0.90
0.08 0.06 0.86 0.00
0.00 0.18 0.82 0.00
0.02 0.42 0.06 0.50
0.02 0.20 0.00 0.78
0.08 0.20 0.20 0.52
0.14 0.52 0.20 0.14
0.36 0.18 0.28 0.18
0.18 0.40 0.20 0.22
0.30 0.14 0.16 0.40
0.18 0.18 0.40 0.24
0.20 0.10 0.54 0.16

MOTIF motif_12 motif_12
letter-probability matrix: alength= 4 w= 24
0.223881 0.238806 0.298507 0.238806
0.179104 0.298507 0.208955 0.313433
0.149254 0.402985 0.194030 0.253731
0.328358 0.179104 0.298507 0.194030
0.208955 0.402985 0.268657 0.119403
0.223881 0.268657 0.313433 0.194030
0.268657 0.283582 0.238806 0.208955
0.238806 0.268657 0.313433 0.179104
0.388060 0.283582 0.268657 0.059701
0.164179 0.358209 0.238806 0.238806
0.238806 0.402985 0.194030 0.164179
0.522388 0.149254 0.179104 0.149254
0.328358 0.194030 0.343284 0.134328
0.597015 0.283582 0.089552 0.029851
0.194030 0.597015 0.179104 0.029851
0.179104 0.597015 0.164179 0.059701
0.940299 0.014925 0.044776 0.000000
0.000000 0.776119 0.208955 0.014925
0.835821 0.000000 0.000000 0.164179
0.029851 0.029851 0.000000 0.940299
0.014925 0.925373 0.059701 0.000000
0.955224 0.000000 0.000000 0.044776
0.910448 0.029851 0.044776 0.014925
0.925373 0.000000 0.059701 0.014925

MOTIF motif_11 motif_11
letter-probability matrix: alength= 4 w= 24
0.0250 0.8125 0.1000 0.0625
0.0000 0.0625 0.0125 0.9250
0.0000 0.0875 0.0125 0.9000
0.0875 0.0000 0.0000 0.9125
0.0000 0.0625 0.8625 0.0750
0.9750 0.0250 0.0000 0.0000
0.1125 0.0125 0.0000 0.8750
0.0125 0.5250 0.4625 0.0000
0.0000 0.0375 0.0000 0.9625
0.0250 0.2500 0.3750 0.3500
0.1125 0.2125 0.4750 0.2000
0.2625 0.1375 0.1750 0.4250
0.1750 0.3875 0.1250 0.3125
0.2875 0.3750 0.0875 0.2500
0.0750 0.3750 0.3750 0.1750
0.1625 0.3500 0.3125 0.1750
0.3000 0.3000 0.2000 0.2000
0.3375 0.2750 0.2500 0.1375
0.2000 0.4000 0.2125 0.1875
0.2250 0.3250 0.1750 0.2750
0.1875 0.2125 0.3250 0.2750
0.1250 0.2125 0.3750 0.2875
0.2000 0.3125 0.2250 0.2625
0.1875 0.3250 0.2375 0.2500

