MEME version 4

ALPHABET= ACGT

strands: + -

MOTIF motif_1 motif_1
letter-probability matrix: alength= 4 w= 24
0.275168 0.275168 0.255034 0.194631
0.362416 0.268456 0.228188 0.140940
0.255034 0.275168 0.221477 0.248322
0.174497 0.389262 0.208054 0.228188
0.114094 0.161074 0.127517 0.597315
0.060403 0.046980 0.677852 0.214765
0.046980 0.194631 0.463087 0.295302
0.187919 0.174497 0.275168 0.362416
0.302013 0.214765 0.315436 0.167785
0.261745 0.255034 0.241611 0.241611
0.288591 0.187919 0.261745 0.261745
0.194631 0.167785 0.288591 0.348993
0.389262 0.114094 0.241611 0.255034
0.208054 0.302013 0.281879 0.208054
0.765101 0.013423 0.000000 0.221477
0.000000 0.000000 1.000000 0.000000
1.000000 0.000000 0.000000 0.000000
0.000000 0.006711 0.000000 0.993289
0.979866 0.000000 0.000000 0.020134
0.899329 0.000000 0.053691 0.046980
0.167785 0.221477 0.536913 0.073826
0.348993 0.234899 0.308725 0.107383
0.463087 0.208054 0.167785 0.161074
0.348993 0.154362 0.268456 0.228188

MOTIF motif_13 motif_13
letter-probability matrix: alength= 4 w= 24
0.016 0.088 0.032 0.864
0.176 0.024 0.008 0.792
0.984 0.000 0.000 0.016
0.000 0.008 0.032 0.960
0.008 0.960 0.032 0.000
0.320 0.032 0.024 0.624
0.168 0.160 0.512 0.160
0.216 0.280 0.232 0.272
0.352 0.184 0.304 0.160
0.288 0.176 0.264 0.272
0.232 0.208 0.360 0.200
0.264 0.192 0.296 0.248
0.240 0.368 0.112 0.280
0.280 0.392 0.240 0.088
0.152 0.760 0.072 0.016
0.776 0.128 0.072 0.024
0.120 0.272 0.464 0.144
0.216 0.216 0.248 0.320
0.144 0.240 0.176 0.440
0.096 0.200 0.416 0.288
0.224 0.440 0.144 0.192
0.376 0.184 0.232 0.208
0.176 0.320 0.232 0.272
0.288 0.248 0.192 0.272

MOTIF motif_14 motif_14
letter-probability matrix: alength= 4 w= 24
0.302013 0.348993 0.187919 0.161074
0.302013 0.288591 0.127517 0.281879
0.355705 0.248322 0.174497 0.221477
0.281879 0.181208 0.228188 0.308725
0.268456 0.221477 0.234899 0.275168
0.275168 0.134228 0.322148 0.268456
0.241611 0.268456 0.261745 0.228188
0.194631 0.201342 0.281879 0.322148
0.382550 0.208054 0.140940 0.268456
0.302013 0.234899 0.201342 0.261745
0.308725 0.194631 0.147651 0.348993
0.228188 0.248322 0.140940 0.382550
0.322148 0.201342 0.127517 0.348993
0.114094 0.449664 0.154362 0.281879
0.107383 0.335570 0.255034 0.302013
0.040268 0.469799 0.147651 0.342282
0.167785 0.570470 0.140940 0.120805
0.040268 0.087248 0.060403 0.812081
0.006711 0.006711 0.000000 0.986577
0.993289 0.006711 0.000000 0.000000
0.013423 0.000000 0.033557 0.953020
0.000000 1.000000 0.000000 0.000000
0.348993 0.020134 0.026846 0.604027
0.073826 0.268456 0.409396 0.248322

