MEME version 4

ALPHABET= ACGT

strands: + -

MOTIF motif_1 motif_1
letter-probability matrix: alength= 4 w= 24
0.154545 0.409091 0.109091 0.327273
0.509091 0.154545 0.254545 0.081818
0.190909 0.300000 0.163636 0.345455
0.063636 0.190909 0.063636 0.681818
0.009091 0.309091 0.536364 0.145455
0.036364 0.818182 0.045455 0.100000
0.090909 0.654545 0.063636 0.190909
0.372727 0.345455 0.145455 0.136364
0.100000 0.636364 0.009091 0.254545
0.027273 0.927273 0.027273 0.018182
0.209091 0.063636 0.045455 0.681818
0.345455 0.163636 0.363636 0.127273
0.036364 0.409091 0.536364 0.018182
0.354545 0.045455 0.036364 0.563636
0.000000 0.018182 0.981818 0.000000
0.036364 0.045455 0.890909 0.027273
0.245455 0.400000 0.227273 0.127273
0.327273 0.100000 0.254545 0.318182
0.254545 0.063636 0.663636 0.018182
0.209091 0.127273 0.618182 0.045455
0.727273 0.045455 0.100000 0.127273
0.809091 0.072727 0.045455 0.072727
0.072727 0.045455 0.036364 0.845455
0.045455 0.118182 0.681818 0.154545

MOTIF motif_13 motif_13
letter-probability matrix: alength= 4 w= 24
0.253846 0.161538 0.215385 0.369231
0.192308 0.361538 0.100000 0.346154
0.130769 0.376923 0.107692 0.384615
0.576923 0.015385 0.376923 0.030769
0.169231 0.784615 0.015385 0.030769
0.984615 0.000000 0.015385 0.000000
0.023077 0.000000 0.000000 0.976923
0.030769 0.000000 0.030769 0.938462
0.007692 0.853846 0.046154 0.092308
0.000000 0.869231 0.007692 0.123077
0.369231 0.061538 0.000000 0.569231
0.169231 0.053846 0.661538 0.115385
0.038462 0.684615 0.169231 0.107692
0.130769 0.746154 0.084615 0.038462
0.592308 0.076923 0.123077 0.207692
0.076923 0.353846 0.338462 0.230769
0.169231 0.307692 0.238462 0.284615
0.584615 0.115385 0.176923 0.123077
0.046154 0.146154 0.646154 0.161538
0.353846 0.015385 0.461538 0.169231
0.238462 0.100000 0.500000 0.161538
0.169231 0.184615 0.553846 0.092308
0.207692 0.115385 0.515385 0.161538
0.253846 0.430769 0.176923 0.138462

MOTIF motif_2 motif_2
letter-probability matrix: alength= 4 w= 24
0.157068 0.497382 0.062827 0.282723
0.277487 0.654450 0.010471 0.057592
0.235602 0.230366 0.099476 0.434555
0.251309 0.078534 0.434555 0.235602
0.151832 0.282723 0.376963 0.188482
0.125654 0.193717 0.178010 0.502618
0.188482 0.162304 0.560209 0.089005
0.167539 0.272251 0.502618 0.057592
0.460733 0.298429 0.047120 0.193717
0.486911 0.209424 0.099476 0.204188
0.136126 0.078534 0.607330 0.178010
0.130890 0.015707 0.821990 0.031414
0.701571 0.267016 0.000000 0.031414
0.958115 0.000000 0.031414 0.010471
0.015707 0.015707 0.062827 0.905759
0.005236 0.041885 0.575916 0.376963
0.031414 0.534031 0.073298 0.361257
0.256545 0.282723 0.308901 0.151832
0.214660 0.172775 0.225131 0.387435
0.230366 0.172775 0.308901 0.287958
0.230366 0.371728 0.256545 0.141361
0.319372 0.267016 0.188482 0.225131
0.445026 0.209424 0.151832 0.193717
0.136126 0.314136 0.240838 0.308901

