MEME version 4

ALPHABET= ACGT

strands: + -

MOTIF motif_7 motif_7
letter-probability matrix: alength= 4 w= 24
0.014286 0.000000 0.971429 0.014286
0.028571 0.000000 0.885714 0.085714
0.000000 0.085714 0.114286 0.800000
0.014286 0.828571 0.042857 0.114286
0.957143 0.000000 0.028571 0.014286
0.171429 0.257143 0.142857 0.428571
0.157143 0.342857 0.257143 0.242857
0.014286 0.100000 0.028571 0.857143
0.171429 0.085714 0.685714 0.057143
0.828571 0.000000 0.171429 0.000000
0.000000 0.014286 0.985714 0.000000
0.000000 0.000000 0.957143 0.042857
0.457143 0.071429 0.000000 0.471429
0.000000 0.971429 0.028571 0.000000
0.885714 0.014286 0.071429 0.028571
0.057143 0.414286 0.300000 0.228571
0.285714 0.214286 0.285714 0.214286
0.242857 0.142857 0.414286 0.200000
0.200000 0.242857 0.400000 0.157143
0.285714 0.200000 0.328571 0.185714
0.228571 0.214286 0.342857 0.214286
0.214286 0.228571 0.328571 0.228571
0.342857 0.128571 0.328571 0.200000
0.300000 0.185714 0.342857 0.171429

MOTIF motif_2 motif_2
letter-probability matrix: alength= 4 w= 24
0.253086 0.030864 0.592593 0.123457
0.438272 0.030864 0.271605 0.259259
0.172840 0.574074 0.154321 0.098765
0.061728 0.604938 0.308642 0.024691
0.030864 0.092593 0.000000 0.876543
0.172840 0.629630 0.086420 0.111111
0.746914 0.043210 0.148148 0.061728
0.209877 0.179012 0.259259 0.351852
0.413580 0.086420 0.209877 0.290123
0.055556 0.012346 0.123457 0.808642
0.117284 0.086420 0.728395 0.067901
0.845679 0.080247 0.049383 0.024691
0.098765 0.672840 0.209877 0.018519
0.006173 0.771605 0.197531 0.024691
0.043210 0.302469 0.030864 0.623457
0.086420 0.500000 0.067901 0.345679
0.339506 0.314815 0.135802 0.209877
0.191358 0.253086 0.327160 0.228395
0.154321 0.185185 0.333333 0.327160
0.320988 0.154321 0.148148 0.376543
0.296296 0.290123 0.283951 0.129630
0.259259 0.222222 0.191358 0.327160
0.160494 0.271605 0.222222 0.345679
0.271605 0.197531 0.209877 0.320988

MOTIF motif_4 motif_4
letter-probability matrix: alength= 4 w= 24
0.382609 0.252174 0.165217 0.200000
0.104348 0.408696 0.217391 0.269565
0.182609 0.217391 0.165217 0.434783
0.078261 0.452174 0.147826 0.321739
0.217391 0.373913 0.286957 0.121739
0.043478 0.026087 0.034783 0.895652
0.104348 0.034783 0.808696 0.052174
0.495652 0.008696 0.095652 0.400000
0.017391 0.965217 0.000000 0.017391
0.000000 1.000000 0.000000 0.000000
0.008696 0.182609 0.008696 0.800000
0.026087 0.686957 0.086957 0.200000
0.852174 0.026087 0.121739 0.000000
0.269565 0.217391 0.330435 0.182609
0.426087 0.104348 0.278261 0.191304
0.069565 0.026087 0.017391 0.886957
0.165217 0.052174 0.773913 0.008696
0.878261 0.060870 0.060870 0.000000
0.078261 0.739130 0.060870 0.121739
0.017391 0.947826 0.026087 0.008696
0.034783 0.330435 0.034783 0.600000
0.078261 0.278261 0.252174 0.391304
0.313043 0.278261 0.095652 0.313043
0.226087 0.365217 0.260870 0.147826

