MEME version 4

ALPHABET= ACGT

strands: + -

MOTIF motif_1 motif_1
letter-probability matrix: alength= 4 w= 24
0.136929 0.331950 0.311203 0.219917
0.377593 0.224066 0.182573 0.215768
0.228216 0.141079 0.174274 0.456432
0.118257 0.165975 0.219917 0.495851
0.155602 0.153527 0.419087 0.271784
0.145228 0.180498 0.564315 0.109959
0.143154 0.296680 0.325726 0.234440
0.130705 0.396266 0.168050 0.304979
0.197095 0.358921 0.165975 0.278008
0.381743 0.180498 0.302905 0.134855
0.296680 0.130705 0.450207 0.122407
0.284232 0.232365 0.363071 0.120332
0.211618 0.286307 0.307054 0.195021
0.217842 0.234440 0.271784 0.275934
0.165975 0.180498 0.309129 0.344398
0.211618 0.149378 0.558091 0.080913
0.165975 0.089212 0.721992 0.022822
0.051867 0.228216 0.186722 0.533195
0.000000 1.000000 0.000000 0.000000
0.991701 0.004149 0.002075 0.002075
0.000000 0.668050 0.039419 0.292531
0.219917 0.026971 0.753112 0.000000
0.010373 0.006224 0.000000 0.983402
0.000000 0.004149 0.995851 0.000000

MOTIF motif_13 motif_13
letter-probability matrix: alength= 4 w= 24
0.129944 0.163842 0.293785 0.412429
0.000000 0.983051 0.016949 0.000000
0.977401 0.011299 0.005650 0.005650
0.000000 0.401130 0.028249 0.570621
0.231638 0.033898 0.734463 0.000000
0.016949 0.005650 0.000000 0.977401
0.005650 0.000000 0.988701 0.005650
0.751412 0.152542 0.045198 0.050847
0.005650 0.887006 0.022599 0.084746
0.079096 0.655367 0.028249 0.237288
0.322034 0.401130 0.129944 0.146893
0.531073 0.141243 0.192090 0.135593
0.310734 0.231638 0.282486 0.175141
0.084746 0.350282 0.282486 0.282486
0.073446 0.531073 0.062147 0.333333
0.079096 0.305085 0.056497 0.559322
0.146893 0.175141 0.440678 0.237288
0.361582 0.079096 0.485876 0.073446
0.237288 0.333333 0.361582 0.067797
0.016949 0.847458 0.033898 0.101695
0.237288 0.694915 0.050847 0.016949
0.819209 0.107345 0.033898 0.039548
0.604520 0.016949 0.033898 0.344633
0.028249 0.225989 0.186441 0.559322

MOTIF motif_11 motif_11
letter-probability matrix: alength= 4 w= 24
0.081081 0.216216 0.594595 0.108108
0.229730 0.459459 0.283784 0.027027
0.256757 0.175676 0.162162 0.405405
0.310811 0.270270 0.108108 0.310811
0.459459 0.081081 0.364865 0.094595
0.297297 0.459459 0.081081 0.162162
0.418919 0.283784 0.108108 0.189189
0.108108 0.027027 0.202703 0.662162
0.094595 0.675676 0.148649 0.081081
0.013514 0.108108 0.000000 0.878378
0.013514 0.283784 0.608108 0.094595
1.000000 0.000000 0.000000 0.000000
0.000000 0.054054 0.000000 0.945946
0.000000 0.000000 0.000000 1.000000
0.054054 0.013514 0.932432 0.000000
0.013514 0.027027 0.959459 0.000000
0.054054 0.756757 0.013514 0.175676
0.013514 0.567568 0.027027 0.391892
0.418919 0.270270 0.216216 0.094595
0.527027 0.013514 0.445946 0.013514
0.378378 0.121622 0.378378 0.121622
0.324324 0.405405 0.175676 0.094595
0.067568 0.391892 0.243243 0.297297
0.189189 0.148649 0.229730 0.432432

MOTIF motif_2 motif_2
letter-probability matrix: alength= 4 w= 24
0.205761 0.242798 0.261317 0.290123
0.179012 0.166667 0.318930 0.335391
0.209877 0.148148 0.561728 0.080247
0.164609 0.082305 0.734568 0.018519
0.051440 0.220165 0.191358 0.537037
0.000000 0.997942 0.002058 0.000000
0.991770 0.004115 0.000000 0.004115
0.002058 0.664609 0.043210 0.290123
0.226337 0.034979 0.736626 0.002058
0.008230 0.004115 0.000000 0.987654
0.002058 0.000000 0.997942 0.000000
0.532922 0.164609 0.224280 0.078189
0.030864 0.730453 0.115226 0.123457
0.067901 0.586420 0.137860 0.207819
0.314815 0.351852 0.148148 0.185185
0.320988 0.240741 0.224280 0.213992
0.281893 0.238683 0.294239 0.185185
0.123457 0.306584 0.283951 0.286008
0.123457 0.436214 0.162551 0.277778
0.170782 0.302469 0.162551 0.364198
0.277778 0.160494 0.341564 0.220165
0.304527 0.170782 0.427984 0.096708
0.213992 0.333333 0.306584 0.146091
0.123457 0.502058 0.183128 0.191358

MOTIF motif_10 motif_10
letter-probability matrix: alength= 4 w= 24
0.230769 0.255385 0.289231 0.224615
0.169231 0.147692 0.313846 0.369231
0.076923 0.196923 0.649231 0.076923
0.273846 0.116923 0.575385 0.033846
0.104615 0.338462 0.240000 0.316923
0.009231 0.975385 0.003077 0.012308
0.953846 0.018462 0.003077 0.024615
0.030769 0.556923 0.046154 0.366154
0.080000 0.058462 0.861538 0.000000
0.003077 0.000000 0.003077 0.993846
0.000000 0.104615 0.889231 0.006154
0.766154 0.138462 0.040000 0.055385
0.000000 0.821538 0.052308 0.126154
0.110769 0.520000 0.160000 0.209231
0.203077 0.350769 0.129231 0.316923
0.378462 0.175385 0.286154 0.160000
0.270769 0.212308 0.372308 0.144615
0.160000 0.276923 0.320000 0.243077
0.107692 0.375385 0.181538 0.335385
0.120000 0.329231 0.163077 0.387692
0.209231 0.252308 0.298462 0.240000
0.369231 0.135385 0.421538 0.073846
0.147692 0.313846 0.412308 0.126154
0.156923 0.529231 0.175385 0.138462

