MEME version 4

ALPHABET= ACGT

strands: + -

MOTIF motif_1 motif_1
letter-probability matrix: alength= 4 w= 24
0.000000 0.551020 0.040816 0.408163
0.102041 0.408163 0.163265 0.326531
0.775510 0.000000 0.000000 0.224490
0.000000 0.081633 0.000000 0.918367
0.040816 0.020408 0.163265 0.775510
0.122449 0.061224 0.795918 0.020408
0.020408 0.061224 0.857143 0.061224
0.102041 0.653061 0.000000 0.244898
0.020408 0.551020 0.061224 0.367347
0.612245 0.061224 0.244898 0.081633
0.408163 0.102041 0.448980 0.040816
0.591837 0.122449 0.142857 0.142857
0.408163 0.142857 0.163265 0.285714
0.183673 0.448980 0.040816 0.326531
0.306122 0.102041 0.408163 0.183673
0.428571 0.244898 0.285714 0.040816
0.122449 0.102041 0.734694 0.040816
0.020408 0.081633 0.000000 0.897959
0.020408 0.918367 0.040816 0.020408
0.816327 0.122449 0.020408 0.040816
0.122449 0.734694 0.061224 0.081633
0.877551 0.000000 0.102041 0.020408
0.040816 0.000000 0.040816 0.918367
0.020408 0.061224 0.897959 0.020408

MOTIF motif_7 motif_7
letter-probability matrix: alength= 4 w= 24
0.325077 0.111455 0.470588 0.092879
0.117647 0.250774 0.445820 0.185759
0.083591 0.473684 0.046440 0.396285
0.191950 0.281734 0.148607 0.377709
0.436533 0.142415 0.318885 0.102167
0.291022 0.145511 0.510836 0.052632
0.356037 0.160991 0.349845 0.133127
0.414861 0.176471 0.213622 0.195046
0.272446 0.188854 0.213622 0.325077
0.266254 0.037152 0.433437 0.263158
0.151703 0.080495 0.523220 0.244582
0.105263 0.102167 0.773994 0.018576
0.133127 0.278638 0.133127 0.455108
0.027864 0.907121 0.046440 0.018576
0.869969 0.015480 0.030960 0.083591
0.083591 0.609907 0.083591 0.222910
0.210526 0.052632 0.733746 0.003096
0.021672 0.012384 0.092879 0.873065
0.027864 0.012384 0.938080 0.021672
0.464396 0.195046 0.238390 0.102167
0.061920 0.578947 0.136223 0.222910
0.164087 0.383901 0.229102 0.222910
0.291022 0.275542 0.256966 0.176471
0.331269 0.312693 0.176471 0.179567

MOTIF motif_2 motif_2
letter-probability matrix: alength= 4 w= 24
0.241558 0.179221 0.257143 0.322078
0.194805 0.109091 0.329870 0.366234
0.231169 0.114286 0.561039 0.093506
0.228571 0.085714 0.664935 0.020779
0.062338 0.275325 0.109091 0.553247
0.000000 0.994805 0.000000 0.005195
0.987013 0.002597 0.000000 0.010390
0.000000 0.763636 0.010390 0.225974
0.192208 0.015584 0.792208 0.000000
0.002597 0.005195 0.000000 0.992208
0.000000 0.002597 0.989610 0.007792
0.584416 0.090909 0.270130 0.054545
0.028571 0.701299 0.101299 0.168831
0.109091 0.503896 0.161039 0.225974
0.337662 0.342857 0.132468 0.187013
0.350649 0.200000 0.197403 0.251948
0.228571 0.257143 0.316883 0.197403
0.166234 0.288312 0.244156 0.301299
0.140260 0.410390 0.137662 0.311688
0.176623 0.306494 0.171429 0.345455
0.285714 0.163636 0.322078 0.228571
0.311688 0.184416 0.368831 0.135065
0.262338 0.355844 0.218182 0.163636
0.153247 0.493506 0.168831 0.184416

