MEME version 4

ALPHABET= ACGT

strands: + -

MOTIF motif_12 motif_12
letter-probability matrix: alength= 4 w= 24
0.082524 0.665049 0.218447 0.033981
0.208738 0.529126 0.179612 0.082524
0.111650 0.524272 0.179612 0.184466
0.063107 0.495146 0.330097 0.111650
0.004854 0.946602 0.048544 0.000000
0.101942 0.597087 0.082524 0.218447
0.038835 0.655340 0.189320 0.116505
0.019417 0.723301 0.179612 0.077670
0.024272 0.757282 0.150485 0.067961
0.004854 0.859223 0.024272 0.111650
0.038835 0.810680 0.106796 0.043689
0.058252 0.854369 0.072816 0.014563
0.024272 0.752427 0.208738 0.014563
0.004854 0.932039 0.000000 0.063107
0.029126 0.684466 0.228155 0.058252
0.208738 0.490291 0.053398 0.247573
0.092233 0.121359 0.344660 0.441748
0.121359 0.689320 0.043689 0.145631
0.038835 0.611650 0.199029 0.150485
0.179612 0.451456 0.189320 0.179612
0.087379 0.504854 0.189320 0.218447
0.160194 0.669903 0.048544 0.121359
0.233010 0.339806 0.121359 0.305825
0.106796 0.436893 0.135922 0.320388

MOTIF motif_10 motif_10
letter-probability matrix: alength= 4 w= 24
0.265 0.440 0.080 0.215
0.100 0.625 0.235 0.040
0.160 0.205 0.380 0.255
0.005 0.690 0.260 0.045
0.125 0.615 0.155 0.105
0.265 0.600 0.060 0.075
0.155 0.350 0.400 0.095
0.175 0.325 0.385 0.115
0.185 0.050 0.595 0.170
0.045 0.670 0.130 0.155
0.005 0.790 0.080 0.125
0.025 0.930 0.020 0.025
0.080 0.770 0.105 0.045
0.010 0.590 0.295 0.105
0.020 0.905 0.050 0.025
0.000 1.000 0.000 0.000
0.035 0.745 0.080 0.140
0.065 0.590 0.120 0.225
0.090 0.635 0.020 0.255
0.220 0.305 0.225 0.250
0.085 0.570 0.180 0.165
0.105 0.345 0.280 0.270
0.160 0.450 0.175 0.215
0.150 0.445 0.370 0.035

MOTIF motif_16 motif_16
letter-probability matrix: alength= 4 w= 24
0.073892 0.133005 0.630542 0.162562
0.059113 0.088670 0.773399 0.078818
0.088670 0.236453 0.571429 0.103448
0.073892 0.108374 0.798030 0.019704
0.177340 0.083744 0.694581 0.044335
0.157635 0.088670 0.729064 0.024631
0.098522 0.305419 0.502463 0.093596
0.029557 0.374384 0.576355 0.019704
0.019704 0.009852 0.940887 0.029557
0.103448 0.133005 0.635468 0.128079
0.118227 0.073892 0.773399 0.034483
0.236453 0.064039 0.689655 0.009852
0.103448 0.088670 0.684729 0.123153
0.054187 0.142857 0.763547 0.039409
0.093596 0.133005 0.733990 0.039409
0.394089 0.103448 0.477833 0.024631
0.019704 0.088670 0.773399 0.118227
0.004926 0.014778 0.960591 0.019704
0.039409 0.172414 0.773399 0.014778
0.039409 0.009852 0.940887 0.009852
0.064039 0.428571 0.472906 0.034483
0.034483 0.064039 0.881773 0.019704
0.059113 0.073892 0.832512 0.034483
0.142857 0.261084 0.541872 0.054187

