MEME version 4

ALPHABET= ACGT

strands: + -

MOTIF motif_10 motif_10
letter-probability matrix: alength= 4 w= 24
0.040816 0.591837 0.040816 0.326531
0.061224 0.775510 0.020408 0.142857
0.673469 0.204082 0.081633 0.040816
0.163265 0.061224 0.000000 0.775510
0.000000 0.938776 0.000000 0.061224
0.000000 0.897959 0.000000 0.102041
0.938776 0.000000 0.020408 0.040816
0.020408 0.142857 0.000000 0.836735
0.061224 0.591837 0.000000 0.346939
0.061224 0.387755 0.040816 0.510204
0.836735 0.061224 0.061224 0.040816
0.040816 0.428571 0.040816 0.489796
0.020408 0.897959 0.000000 0.081633
0.000000 0.816327 0.020408 0.163265
0.795918 0.142857 0.020408 0.040816
0.020408 0.142857 0.000000 0.836735
0.000000 0.918367 0.020408 0.061224
0.020408 0.959184 0.000000 0.020408
0.959184 0.020408 0.000000 0.020408
0.000000 0.020408 0.000000 0.979592
0.000000 0.938776 0.020408 0.040816
0.061224 0.755102 0.000000 0.183673
0.877551 0.020408 0.061224 0.040816
0.000000 0.020408 0.000000 0.979592

MOTIF motif_6 motif_6
letter-probability matrix: alength= 4 w= 24
0.166667 0.547619 0.023810 0.261905
0.023810 0.952381 0.023810 0.000000
0.761905 0.142857 0.095238 0.000000
0.095238 0.000000 0.047619 0.857143
0.023810 0.738095 0.071429 0.166667
0.000000 0.952381 0.047619 0.000000
0.952381 0.000000 0.000000 0.047619
0.023810 0.166667 0.023810 0.785714
0.000000 0.833333 0.000000 0.166667
0.000000 0.714286 0.000000 0.285714
0.880952 0.000000 0.071429 0.047619
0.000000 0.476190 0.000000 0.523810
0.023810 0.904762 0.000000 0.071429
0.023810 0.738095 0.000000 0.238095
0.904762 0.071429 0.000000 0.023810
0.000000 0.119048 0.047619 0.833333
0.023810 0.738095 0.000000 0.238095
0.000000 1.000000 0.000000 0.000000
1.000000 0.000000 0.000000 0.000000
0.023810 0.119048 0.000000 0.857143
0.000000 0.928571 0.023810 0.047619
0.000000 0.928571 0.000000 0.071429
0.976190 0.000000 0.000000 0.023810
0.000000 0.023810 0.047619 0.928571

