MEME version 4

ALPHABET= ACGT

strands: + -

MOTIF motif_1 motif_1
letter-probability matrix: alength= 4 w= 24
0.192913 0.251969 0.448819 0.106299
0.137795 0.303150 0.366142 0.192913
0.141732 0.503937 0.161417 0.192913
0.173228 0.311024 0.405512 0.110236
0.157480 0.311024 0.413386 0.118110
0.188976 0.413386 0.177165 0.220472
0.188976 0.287402 0.322835 0.200787
0.133858 0.326772 0.370079 0.169291
0.047244 0.822835 0.062992 0.066929
0.653543 0.318898 0.023622 0.003937
0.842520 0.078740 0.019685 0.059055
0.216535 0.122047 0.433071 0.228346
0.759843 0.090551 0.011811 0.137795
0.003937 0.019685 0.023622 0.952756
0.027559 0.027559 0.736220 0.208661
0.007874 0.003937 0.980315 0.007874
0.082677 0.732283 0.086614 0.098425
0.106299 0.133858 0.535433 0.224409
0.200787 0.122047 0.586614 0.090551
0.118110 0.681102 0.125984 0.074803
0.133858 0.468504 0.228346 0.169291
0.291339 0.090551 0.429134 0.188976
0.173228 0.503937 0.232283 0.090551
0.188976 0.303150 0.409449 0.098425

MOTIF motif_11 motif_11
letter-probability matrix: alength= 4 w= 24
0.188889 0.261111 0.311111 0.238889
0.216667 0.250000 0.283333 0.250000
0.200000 0.261111 0.238889 0.300000
0.127778 0.372222 0.161111 0.338889
0.183333 0.461111 0.116667 0.238889
0.694444 0.055556 0.183333 0.066667
0.733333 0.088889 0.022222 0.155556
0.427778 0.177778 0.344444 0.050000
0.950000 0.027778 0.011111 0.011111
0.005556 0.005556 0.038889 0.950000
0.005556 0.005556 0.983333 0.005556
0.038889 0.000000 0.927778 0.033333
0.044444 0.927778 0.000000 0.027778
0.022222 0.188889 0.544444 0.244444
0.066667 0.072222 0.755556 0.105556
0.066667 0.827778 0.038889 0.066667
0.066667 0.511111 0.222222 0.200000
0.316667 0.094444 0.411111 0.177778
0.188889 0.388889 0.266667 0.155556
0.205556 0.172222 0.461111 0.161111
0.100000 0.366667 0.366667 0.166667
0.200000 0.511111 0.155556 0.133333
0.072222 0.266667 0.472222 0.188889
0.138889 0.438889 0.272222 0.150000

MOTIF motif_5 motif_5
letter-probability matrix: alength= 4 w= 24
0.195219 0.314741 0.334661 0.155378
0.127490 0.314741 0.430279 0.127490
0.191235 0.362550 0.314741 0.131474
0.103586 0.370518 0.243028 0.282869
0.219124 0.278884 0.258964 0.243028
0.123506 0.195219 0.577689 0.103586
0.079681 0.549801 0.278884 0.091633
0.290837 0.310757 0.227092 0.171315
0.127490 0.107570 0.573705 0.191235
0.147410 0.661355 0.099602 0.091633
0.059761 0.848606 0.035857 0.055777
0.928287 0.011952 0.039841 0.019920
0.541833 0.027888 0.019920 0.410359
0.143426 0.342629 0.390438 0.123506
0.609562 0.000000 0.000000 0.390438
0.003984 0.003984 0.000000 0.992032
0.023904 0.035857 0.892430 0.047809
0.035857 0.055777 0.812749 0.095618
0.131474 0.756972 0.063745 0.047809
0.183267 0.163347 0.398406 0.254980
0.091633 0.147410 0.653386 0.107570
0.115538 0.701195 0.131474 0.051793
0.119522 0.398406 0.306773 0.175299
0.278884 0.159363 0.426295 0.135458

MOTIF motif_10 motif_10
letter-probability matrix: alength= 4 w= 24
0.158974 0.358974 0.282051 0.200000
0.189744 0.241026 0.297436 0.271795
0.205128 0.312821 0.174359 0.307692
0.184615 0.282051 0.287179 0.246154
0.128205 0.594872 0.143590 0.133333
0.810256 0.066667 0.107692 0.015385
0.805128 0.066667 0.035897 0.092308
0.425641 0.153846 0.384615 0.035897
0.994872 0.000000 0.000000 0.005128
0.015385 0.000000 0.000000 0.984615
0.000000 0.000000 1.000000 0.000000
0.000000 0.000000 0.994872 0.005128
0.015385 0.917949 0.025641 0.041026
0.020513 0.158974 0.569231 0.251282
0.056410 0.071795 0.835897 0.035897
0.097436 0.815385 0.020513 0.066667
0.097436 0.482051 0.235897 0.184615
0.220513 0.189744 0.405128 0.184615
0.158974 0.415385 0.338462 0.087179
0.189744 0.251282 0.425641 0.133333
0.179487 0.215385 0.471795 0.133333
0.164103 0.379487 0.287179 0.169231
0.087179 0.379487 0.333333 0.200000
0.169231 0.287179 0.348718 0.194872

MOTIF motif_6 motif_6
letter-probability matrix: alength= 4 w= 24
0.136842 0.321053 0.357895 0.184211
0.152632 0.257895 0.463158 0.126316
0.131579 0.436842 0.221053 0.210526
0.110526 0.273684 0.510526 0.105263
0.057895 0.052632 0.794737 0.094737
0.031579 0.800000 0.094737 0.073684
0.226316 0.484211 0.226316 0.063158
0.015789 0.005263 0.968421 0.010526
0.000000 1.000000 0.000000 0.000000
0.000000 1.000000 0.000000 0.000000
0.994737 0.000000 0.005263 0.000000
0.000000 0.000000 0.000000 1.000000
0.031579 0.378947 0.247368 0.342105
0.057895 0.036842 0.063158 0.842105
0.015789 0.089474 0.010526 0.884211
0.073684 0.126316 0.621053 0.178947
0.126316 0.221053 0.389474 0.263158
0.257895 0.252632 0.284211 0.205263
0.342105 0.221053 0.257895 0.178947
0.194737 0.242105 0.436842 0.126316
0.152632 0.342105 0.342105 0.163158
0.231579 0.257895 0.347368 0.163158
0.247368 0.300000 0.326316 0.126316
0.136842 0.342105 0.331579 0.189474

MOTIF motif_4 motif_4
letter-probability matrix: alength= 4 w= 24
0.218935 0.319527 0.307692 0.153846
0.278107 0.343195 0.289941 0.088757
0.177515 0.248521 0.455621 0.118343
0.236686 0.272189 0.301775 0.189349
0.295858 0.248521 0.165680 0.289941
0.224852 0.414201 0.266272 0.094675
0.136095 0.591716 0.142012 0.130178
0.893491 0.017751 0.076923 0.011834
0.852071 0.076923 0.047337 0.023669
0.289941 0.118343 0.579882 0.011834
0.964497 0.011834 0.023669 0.000000
0.011834 0.005917 0.017751 0.964497
0.005917 0.011834 0.976331 0.005917
0.000000 0.005917 0.988166 0.005917
0.017751 0.952663 0.005917 0.023669
0.047337 0.183432 0.615385 0.153846
0.071006 0.112426 0.786982 0.029586
0.094675 0.834320 0.035503 0.035503
0.112426 0.526627 0.236686 0.124260
0.313609 0.213018 0.366864 0.106509
0.118343 0.384615 0.307692 0.189349
0.112426 0.337278 0.437870 0.112426
0.230769 0.171598 0.473373 0.124260
0.136095 0.414201 0.248521 0.201183

