MEME version 4

ALPHABET= ACGT

strands: + -

MOTIF motif_13 motif_13
letter-probability matrix: alength= 4 w= 24
0.280702 0.228070 0.175439 0.315789
0.070175 0.315789 0.228070 0.385965
0.105263 0.122807 0.473684 0.298246
0.175439 0.122807 0.122807 0.578947
0.122807 0.333333 0.456140 0.087719
0.350877 0.122807 0.140351 0.385965
0.245614 0.035088 0.228070 0.491228
0.035088 0.456140 0.122807 0.385965
0.017544 0.789474 0.157895 0.035088
0.421053 0.052632 0.385965 0.140351
0.122807 0.421053 0.263158 0.192982
0.000000 0.035088 0.947368 0.017544
0.736842 0.122807 0.035088 0.105263
0.228070 0.333333 0.035088 0.403509
0.824561 0.017544 0.140351 0.017544
0.175439 0.087719 0.263158 0.473684
0.105263 0.228070 0.508772 0.157895
0.350877 0.192982 0.368421 0.087719
0.175439 0.298246 0.280702 0.245614
0.017544 0.228070 0.087719 0.666667
0.368421 0.087719 0.192982 0.350877
0.385965 0.298246 0.122807 0.192982
0.385965 0.245614 0.298246 0.070175
0.333333 0.210526 0.385965 0.070175

MOTIF motif_2 motif_2
letter-probability matrix: alength= 4 w= 24
0.177778 0.488889 0.144444 0.188889
0.211111 0.255556 0.322222 0.211111
0.322222 0.222222 0.277778 0.177778
0.222222 0.266667 0.333333 0.177778
0.288889 0.244444 0.144444 0.322222
0.111111 0.422222 0.233333 0.233333
0.266667 0.333333 0.166667 0.233333
0.211111 0.411111 0.233333 0.144444
0.211111 0.322222 0.244444 0.222222
0.211111 0.300000 0.255556 0.233333
0.200000 0.388889 0.111111 0.300000
0.333333 0.300000 0.177778 0.188889
0.233333 0.477778 0.144444 0.144444
0.133333 0.066667 0.122222 0.677778
0.455556 0.033333 0.500000 0.011111
0.000000 0.011111 0.011111 0.977778
0.011111 0.988889 0.000000 0.000000
0.300000 0.066667 0.633333 0.000000
0.011111 0.688889 0.033333 0.266667
0.044444 0.011111 0.944444 0.000000
0.966667 0.000000 0.033333 0.000000
0.033333 0.555556 0.077778 0.333333
0.544444 0.155556 0.066667 0.233333
0.155556 0.255556 0.211111 0.377778

