MEME version 4

ALPHABET= ACGT

strands: + -

MOTIF motif_1 motif_1
letter-probability matrix: alength= 4 w= 24
0.077922 0.056277 0.818182 0.047619
0.025974 0.961039 0.012987 0.000000
0.800866 0.069264 0.112554 0.017316
0.034632 0.255411 0.095238 0.614719
0.004329 0.038961 0.952381 0.004329
0.012987 0.961039 0.004329 0.021645
0.060606 0.008658 0.896104 0.034632
0.038961 0.861472 0.021645 0.077922
0.549784 0.077922 0.324675 0.047619
0.207792 0.290043 0.415584 0.086580
0.082251 0.333333 0.367965 0.216450
0.203463 0.350649 0.341991 0.103896
0.264069 0.212121 0.324675 0.199134
0.168831 0.350649 0.298701 0.181818
0.173160 0.359307 0.268398 0.199134
0.095238 0.329004 0.367965 0.207792
0.298701 0.493506 0.090909 0.116883
0.121212 0.471861 0.212121 0.194805
0.151515 0.333333 0.437229 0.077922
0.168831 0.454545 0.225108 0.151515
0.155844 0.337662 0.199134 0.307359
0.199134 0.402597 0.272727 0.125541
0.116883 0.337662 0.393939 0.151515
0.181818 0.285714 0.350649 0.181818

MOTIF motif_7 motif_7
letter-probability matrix: alength= 4 w= 24
0.145695 0.251656 0.430464 0.172185
0.198675 0.192053 0.417219 0.192053
0.079470 0.364238 0.390728 0.165563
0.231788 0.311258 0.225166 0.231788
0.145695 0.430464 0.271523 0.152318
0.271523 0.370861 0.258278 0.099338
0.238411 0.384106 0.324503 0.052980
0.291391 0.278146 0.152318 0.278146
0.112583 0.331126 0.225166 0.331126
0.086093 0.278146 0.192053 0.443709
0.211921 0.000000 0.781457 0.006623
0.000000 0.907285 0.052980 0.039735
0.026490 0.006623 0.940397 0.026490
0.006623 0.907285 0.072848 0.013245
0.834437 0.139073 0.019868 0.006623
0.019868 0.026490 0.125828 0.827815
0.079470 0.033113 0.880795 0.006623
0.006623 0.920530 0.072848 0.000000
0.046358 0.006623 0.907285 0.039735
0.006623 0.834437 0.006623 0.152318
0.794702 0.039735 0.105960 0.059603
0.099338 0.390728 0.344371 0.165563
0.125828 0.238411 0.264901 0.370861
0.225166 0.337748 0.311258 0.125828

MOTIF motif_11 motif_11
letter-probability matrix: alength= 4 w= 24
0.226244 0.321267 0.248869 0.203620
0.199095 0.375566 0.262443 0.162896
0.334842 0.330317 0.230769 0.104072
0.140271 0.312217 0.348416 0.199095
0.285068 0.271493 0.312217 0.131222
0.108597 0.244344 0.366516 0.280543
0.230769 0.307692 0.371041 0.090498
0.257919 0.312217 0.339367 0.090498
0.122172 0.384615 0.226244 0.266968
0.343891 0.407240 0.158371 0.090498
0.131222 0.352941 0.357466 0.158371
0.131222 0.194570 0.131222 0.542986
0.027149 0.009050 0.900452 0.063348
0.122172 0.868778 0.004525 0.004525
0.072398 0.018100 0.904977 0.004525
0.067873 0.891403 0.027149 0.013575
0.705882 0.153846 0.058824 0.081448
0.063348 0.185520 0.067873 0.683258
0.000000 0.000000 0.986425 0.013575
0.063348 0.923077 0.004525 0.009050
0.018100 0.022624 0.846154 0.113122
0.067873 0.778281 0.004525 0.149321
0.497738 0.085973 0.375566 0.040724
0.221719 0.294118 0.366516 0.117647

MOTIF motif_5 motif_5
letter-probability matrix: alength= 4 w= 24
0.239766 0.298246 0.274854 0.187135
0.105263 0.356725 0.298246 0.239766
0.204678 0.368421 0.239766 0.187135
0.093567 0.456140 0.391813 0.058480
0.245614 0.473684 0.181287 0.099415
0.157895 0.251462 0.315789 0.274854
0.198830 0.444444 0.204678 0.152047
0.146199 0.514620 0.157895 0.181287
0.076023 0.251462 0.070175 0.602339
0.040936 0.035088 0.906433 0.017544
0.058480 0.941520 0.000000 0.000000
0.017544 0.000000 0.964912 0.017544
0.000000 0.976608 0.023392 0.000000
0.760234 0.116959 0.087719 0.035088
0.017544 0.070175 0.093567 0.818713
0.000000 0.023392 0.976608 0.000000
0.005848 0.959064 0.017544 0.017544
0.023392 0.005848 0.894737 0.076023
0.011696 0.900585 0.005848 0.081871
0.649123 0.105263 0.175439 0.070175
0.105263 0.263158 0.508772 0.122807
0.263158 0.228070 0.233918 0.274854
0.146199 0.309942 0.444444 0.099415
0.070175 0.391813 0.432749 0.105263

MOTIF motif_10 motif_10
letter-probability matrix: alength= 4 w= 24
0.000000 1.000000 0.000000 0.000000
0.000000 0.000000 0.000000 1.000000
0.863636 0.000000 0.136364 0.000000
0.000000 0.045455 0.045455 0.909091
0.045455 0.909091 0.000000 0.045455
0.000000 0.000000 0.045455 0.954545
0.954545 0.000000 0.045455 0.000000
0.045455 0.045455 0.000000 0.909091
0.045455 0.772727 0.090909 0.090909
0.045455 0.181818 0.000000 0.772727
0.818182 0.000000 0.000000 0.181818
0.045455 0.136364 0.090909 0.727273
0.045455 0.863636 0.000000 0.090909
0.045455 0.090909 0.000000 0.863636
1.000000 0.000000 0.000000 0.000000
0.000000 0.045455 0.000000 0.954545
0.000000 0.954545 0.000000 0.045455
0.045455 0.000000 0.000000 0.954545
1.000000 0.000000 0.000000 0.000000
0.000000 0.045455 0.000000 0.954545
0.000000 0.909091 0.045455 0.045455
0.000000 0.090909 0.045455 0.863636
1.000000 0.000000 0.000000 0.000000
0.045455 0.000000 0.000000 0.954545

