MEME version 4

ALPHABET= ACGT

strands: + -

MOTIF motif_9 motif_9
letter-probability matrix: alength= 4 w= 24
0.166113 0.491694 0.099668 0.242525
0.335548 0.083056 0.242525 0.338870
0.229236 0.362126 0.308970 0.099668
0.235880 0.428571 0.222591 0.112957
0.192691 0.156146 0.368771 0.282392
0.049834 0.508306 0.166113 0.275748
0.352159 0.209302 0.259136 0.179402
0.222591 0.302326 0.305648 0.169435
0.202658 0.401993 0.342193 0.053156
0.438538 0.139535 0.269103 0.152824
0.106312 0.142857 0.501661 0.249169
0.152824 0.189369 0.627907 0.029900
0.249169 0.372093 0.202658 0.176080
0.162791 0.129568 0.431894 0.275748
0.106312 0.252492 0.481728 0.159468
0.262458 0.099668 0.116279 0.521595
0.265781 0.139535 0.524917 0.069767
0.019934 0.006645 0.973422 0.000000
0.006645 0.980066 0.006645 0.006645
0.119601 0.016611 0.857143 0.006645
0.069767 0.388704 0.508306 0.033223
0.199336 0.275748 0.219269 0.305648
0.498339 0.202658 0.159468 0.139535
0.186047 0.192691 0.338870 0.282392

