MEME version 4

ALPHABET= ACGT

strands: + -

MOTIF motif_7 motif_7
letter-probability matrix: alength= 4 w= 24
0.148289 0.422053 0.285171 0.144487
0.136882 0.224335 0.403042 0.235741
0.098859 0.441065 0.262357 0.197719
0.053232 0.528517 0.307985 0.110266
0.201521 0.205323 0.422053 0.171103
0.072243 0.368821 0.501901 0.057034
0.064639 0.501901 0.273764 0.159696
0.475285 0.057034 0.349810 0.117871
0.174905 0.003802 0.809886 0.011407
0.011407 0.000000 0.973384 0.015209
0.007605 0.057034 0.889734 0.045627
0.000000 0.000000 0.996198 0.003802
0.003802 0.015209 0.437262 0.543726
0.000000 0.973384 0.011407 0.015209
0.110266 0.121673 0.433460 0.334601
0.068441 0.501901 0.269962 0.159696
0.034221 0.384030 0.307985 0.273764
0.201521 0.300380 0.422053 0.076046
0.148289 0.387833 0.342205 0.121673
0.205323 0.361217 0.296578 0.136882
0.106464 0.323194 0.501901 0.068441
0.140684 0.467681 0.285171 0.106464
0.083650 0.425856 0.376426 0.114068
0.155894 0.330798 0.406844 0.106464

MOTIF motif_10 motif_10
letter-probability matrix: alength= 4 w= 24
0.082192 0.270548 0.599315 0.047945
0.229452 0.369863 0.318493 0.082192
0.058219 0.256849 0.602740 0.082192
0.232877 0.250000 0.342466 0.174658
0.041096 0.684932 0.246575 0.027397
0.140411 0.619863 0.178082 0.061644
0.150685 0.547945 0.160959 0.140411
0.147260 0.380137 0.239726 0.232877
0.297945 0.239726 0.383562 0.078767
0.154110 0.058219 0.736301 0.051370
0.102740 0.332192 0.527397 0.037671
0.037671 0.041096 0.883562 0.037671
0.397260 0.339041 0.136986 0.126712
0.058219 0.821918 0.106164 0.013699
0.006849 0.821918 0.157534 0.013699
0.095890 0.753425 0.068493 0.082192
0.041096 0.801370 0.054795 0.102740
0.065068 0.568493 0.167808 0.198630
0.181507 0.599315 0.178082 0.041096
0.089041 0.691781 0.089041 0.130137
0.061644 0.445205 0.263699 0.229452
0.092466 0.297945 0.434932 0.174658
0.119863 0.452055 0.366438 0.061644
0.174658 0.393836 0.143836 0.287671

