MEME version 4

ALPHABET= ACGT

strands: + -

MOTIF motif_2 motif_2
letter-probability matrix: alength= 4 w= 24
0.411215 0.046729 0.392523 0.149533
0.074766 0.766355 0.102804 0.056075
0.056075 0.906542 0.037383 0.000000
0.672897 0.028037 0.196262 0.102804
0.093458 0.495327 0.373832 0.037383
0.084112 0.551402 0.149533 0.214953
0.897196 0.056075 0.000000 0.046729
0.009346 0.065421 0.915888 0.009346
0.299065 0.018692 0.588785 0.093458
0.074766 0.018692 0.654206 0.252336
0.009346 0.121495 0.822430 0.046729
0.065421 0.065421 0.794393 0.074766
0.093458 0.710280 0.056075 0.140187
0.308411 0.056075 0.560748 0.074766
0.196262 0.476636 0.224299 0.102804
0.037383 0.551402 0.056075 0.355140
0.327103 0.242991 0.224299 0.205607
0.102804 0.121495 0.392523 0.383178
0.214953 0.355140 0.130841 0.299065
0.093458 0.093458 0.616822 0.196262
0.280374 0.214953 0.233645 0.271028
0.149533 0.299065 0.299065 0.252336
0.130841 0.588785 0.112150 0.168224
0.308411 0.355140 0.149533 0.186916

