MEME version 4

ALPHABET= ACGT

strands: + -

MOTIF motif_1 motif_1
letter-probability matrix: alength= 4 w= 24
0.791667 0.035714 0.142857 0.029762
0.583333 0.047619 0.297619 0.071429
0.273810 0.011905 0.654762 0.059524
0.005952 0.005952 0.988095 0.000000
0.172619 0.220238 0.577381 0.029762
0.708333 0.148810 0.107143 0.035714
0.059524 0.107143 0.398810 0.434524
0.071429 0.178571 0.470238 0.279762
0.071429 0.898810 0.005952 0.023810
0.000000 0.017857 0.000000 0.982143
0.000000 0.000000 1.000000 0.000000
0.000000 0.000000 1.000000 0.000000
0.005952 0.000000 0.988095 0.005952
0.976190 0.011905 0.000000 0.011905
0.797619 0.053571 0.119048 0.029762
0.684524 0.035714 0.089286 0.190476
0.011905 0.041667 0.011905 0.934524
0.017857 0.000000 0.970238 0.011905
0.017857 0.035714 0.029762 0.916667
0.952381 0.023810 0.023810 0.000000
0.005952 0.000000 0.976190 0.017857
0.005952 0.005952 0.041667 0.946429
0.047619 0.529762 0.023810 0.398810
0.029762 0.422619 0.047619 0.500000

MOTIF motif_8 motif_8
letter-probability matrix: alength= 4 w= 24
0.305732 0.407643 0.191083 0.095541
0.070064 0.229299 0.197452 0.503185
0.318471 0.146497 0.382166 0.152866
0.082803 0.452229 0.331210 0.133758
0.159236 0.337580 0.171975 0.331210
0.076433 0.152866 0.675159 0.095541
0.248408 0.484076 0.191083 0.076433
0.063694 0.783439 0.070064 0.082803
0.235669 0.643312 0.031847 0.089172
0.299363 0.343949 0.159236 0.197452
0.012739 0.936306 0.044586 0.006369
0.222930 0.152866 0.063694 0.560510
0.592357 0.012739 0.312102 0.082803
0.050955 0.165605 0.726115 0.057325
0.197452 0.108280 0.286624 0.407643
0.057325 0.019108 0.808917 0.114650
0.012739 0.038217 0.936306 0.012739
0.089172 0.369427 0.305732 0.235669
0.146497 0.675159 0.101911 0.076433
0.484076 0.095541 0.305732 0.114650
0.159236 0.343949 0.343949 0.152866
0.203822 0.216561 0.363057 0.216561
0.222930 0.254777 0.343949 0.178344
0.165605 0.165605 0.509554 0.159236

MOTIF motif_5 motif_5
letter-probability matrix: alength= 4 w= 24
0.414141 0.020202 0.545455 0.020202
0.979798 0.000000 0.000000 0.020202
0.000000 0.979798 0.020202 0.000000
0.000000 0.040404 0.010101 0.949495
1.000000 0.000000 0.000000 0.000000
0.000000 0.979798 0.020202 0.000000
0.959596 0.020202 0.020202 0.000000
0.101010 0.030303 0.030303 0.838384
0.010101 0.161616 0.020202 0.808081
0.030303 0.020202 0.000000 0.949495
0.000000 1.000000 0.000000 0.000000
0.000000 0.989899 0.010101 0.000000
0.000000 1.000000 0.000000 0.000000
0.979798 0.000000 0.010101 0.010101
0.080808 0.010101 0.848485 0.060606
0.191919 0.606061 0.161616 0.040404
0.333333 0.383838 0.111111 0.171717
0.050505 0.060606 0.222222 0.666667
0.020202 0.818182 0.151515 0.010101
0.010101 0.929293 0.020202 0.040404
0.040404 0.737374 0.000000 0.222222
0.060606 0.212121 0.010101 0.717172
0.030303 0.090909 0.000000 0.878788
0.050505 0.000000 0.909091 0.040404

MOTIF motif_10 motif_10
letter-probability matrix: alength= 4 w= 24
0.431818 0.090909 0.318182 0.159091
0.621212 0.000000 0.363636 0.015152
0.462121 0.007576 0.522727 0.007576
0.984848 0.015152 0.000000 0.000000
0.007576 0.992424 0.000000 0.000000
0.000000 0.030303 0.007576 0.962121
0.954545 0.000000 0.037879 0.007576
0.000000 1.000000 0.000000 0.000000
0.977273 0.000000 0.022727 0.000000
0.113636 0.060606 0.075758 0.750000
0.015152 0.113636 0.015152 0.856061
0.015152 0.000000 0.022727 0.962121
0.000000 0.992424 0.000000 0.007576
0.000000 1.000000 0.000000 0.000000
0.007576 0.992424 0.000000 0.000000
0.954545 0.022727 0.015152 0.007576
0.068182 0.053030 0.803030 0.075758
0.265152 0.469697 0.189394 0.075758
0.371212 0.356061 0.128788 0.143939
0.030303 0.075758 0.242424 0.651515
0.015152 0.681818 0.166667 0.136364
0.007576 0.909091 0.053030 0.030303
0.068182 0.659091 0.030303 0.242424
0.053030 0.280303 0.015152 0.651515

