MEME version 4

ALPHABET= ACGT

strands: + -

MOTIF motif_1 motif_1
letter-probability matrix: alength= 4 w= 24
0.347305 0.389222 0.101796 0.161677
0.143713 0.173653 0.071856 0.610778
0.101796 0.383234 0.095808 0.419162
0.161677 0.239521 0.203593 0.395210
0.293413 0.419162 0.173653 0.113772
0.269461 0.508982 0.125749 0.095808
0.377246 0.413174 0.047904 0.161677
0.437126 0.011976 0.479042 0.071856
0.047904 0.149701 0.047904 0.754491
0.377246 0.275449 0.329341 0.017964
0.353293 0.005988 0.011976 0.628743
0.029940 0.017964 0.946108 0.005988
0.898204 0.023952 0.011976 0.065868
0.119760 0.005988 0.868263 0.005988
0.449102 0.005988 0.065868 0.479042
0.461078 0.095808 0.029940 0.413174
0.005988 0.850299 0.011976 0.131737
0.017964 0.041916 0.011976 0.928144
0.023952 0.904192 0.011976 0.059880
0.610778 0.035928 0.005988 0.347305
0.017964 0.353293 0.275449 0.353293
0.826347 0.053892 0.089820 0.029940
0.071856 0.431138 0.035928 0.461078
0.167665 0.041916 0.449102 0.341317

MOTIF motif_13 motif_13
letter-probability matrix: alength= 4 w= 24
0.833333 0.010417 0.156250 0.000000
0.916667 0.020833 0.041667 0.020833
0.020833 0.333333 0.083333 0.562500
0.020833 0.072917 0.041667 0.864583
0.000000 0.989583 0.010417 0.000000
0.989583 0.000000 0.000000 0.010417
0.000000 0.354167 0.000000 0.645833
0.927083 0.010417 0.052083 0.010417
0.020833 0.958333 0.010417 0.010417
0.104167 0.041667 0.020833 0.833333
0.020833 0.000000 0.968750 0.010417
0.020833 0.010417 0.958333 0.010417
0.645833 0.041667 0.093750 0.218750
0.010417 0.000000 0.989583 0.000000
0.843750 0.031250 0.041667 0.083333
0.229167 0.031250 0.697917 0.041667
0.947917 0.031250 0.010417 0.010417
0.916667 0.000000 0.072917 0.010417
0.677083 0.020833 0.260417 0.041667
0.000000 0.916667 0.010417 0.072917
0.000000 0.927083 0.020833 0.052083
0.104167 0.604167 0.010417 0.281250
0.052083 0.020833 0.020833 0.906250
0.822917 0.010417 0.052083 0.114583

MOTIF motif_5 motif_5
letter-probability matrix: alength= 4 w= 24
0.000000 0.039216 0.960784 0.000000
0.019608 0.019608 0.823529 0.137255
0.019608 0.235294 0.098039 0.647059
0.019608 0.098039 0.058824 0.823529
0.058824 0.000000 0.000000 0.941176
0.000000 0.941176 0.039216 0.019608
0.019608 0.039216 0.000000 0.941176
0.019608 0.882353 0.039216 0.058824
0.196078 0.137255 0.078431 0.588235
0.019608 0.960784 0.000000 0.019608
0.019608 0.960784 0.000000 0.019608
0.823529 0.019608 0.058824 0.098039
0.019608 0.058824 0.901961 0.019608
0.000000 0.000000 0.000000 1.000000
0.666667 0.019608 0.254902 0.058824
0.000000 0.000000 0.019608 0.980392
0.000000 0.019608 0.980392 0.000000
0.882353 0.039216 0.019608 0.058824
0.529412 0.039216 0.431373 0.000000
0.019608 0.098039 0.000000 0.882353
0.039216 0.156863 0.000000 0.803922
0.000000 0.960784 0.000000 0.039216
0.019608 0.000000 0.019608 0.960784
0.019608 0.686275 0.000000 0.294118

MOTIF motif_10 motif_10
letter-probability matrix: alength= 4 w= 24
0.000000 0.258824 0.000000 0.741176
0.011765 0.023529 0.011765 0.952941
0.011765 0.035294 0.000000 0.952941
0.105882 0.435294 0.152941 0.305882
0.000000 0.905882 0.000000 0.094118
0.000000 0.929412 0.023529 0.047059
0.976471 0.000000 0.023529 0.000000
0.000000 1.000000 0.000000 0.000000
1.000000 0.000000 0.000000 0.000000
0.035294 0.164706 0.023529 0.776471
0.058824 0.070588 0.047059 0.823529
0.011765 0.670588 0.188235 0.129412
0.505882 0.258824 0.058824 0.176471
0.023529 0.105882 0.058824 0.811765
0.000000 0.141176 0.047059 0.811765
0.776471 0.011765 0.211765 0.000000
0.000000 0.988235 0.000000 0.011765
1.000000 0.000000 0.000000 0.000000
0.011765 0.164706 0.058824 0.764706
0.058824 0.058824 0.094118 0.788235
0.000000 0.600000 0.070588 0.329412
0.752941 0.000000 0.247059 0.000000
0.047059 0.035294 0.000000 0.917647
0.964706 0.000000 0.035294 0.000000

