MEME version 4

ALPHABET= ACGT

strands: + -

MOTIF motif_1 motif_1
letter-probability matrix: alength= 4 w= 24
0.082609 0.404348 0.378261 0.134783
0.443478 0.226087 0.226087 0.104348
0.013043 0.160870 0.804348 0.021739
0.013043 0.039130 0.017391 0.930435
0.034783 0.460870 0.486957 0.017391
0.026087 0.934783 0.008696 0.030435
0.000000 0.008696 0.043478 0.947826
0.000000 0.943478 0.034783 0.021739
0.017391 0.956522 0.004348 0.021739
0.091304 0.773913 0.000000 0.134783
0.173913 0.352174 0.182609 0.291304
0.239130 0.273913 0.343478 0.143478
0.186957 0.282609 0.300000 0.230435
0.204348 0.286957 0.330435 0.178261
0.104348 0.452174 0.269565 0.173913
0.173913 0.304348 0.247826 0.273913
0.139130 0.343478 0.339130 0.178261
0.165217 0.434783 0.239130 0.160870
0.160870 0.360870 0.221739 0.256522
0.152174 0.473913 0.252174 0.121739
0.165217 0.447826 0.213043 0.173913
0.130435 0.347826 0.239130 0.282609
0.265217 0.391304 0.226087 0.117391
0.213043 0.356522 0.273913 0.156522

MOTIF motif_10 motif_10
letter-probability matrix: alength= 4 w= 24
0.160428 0.219251 0.390374 0.229947
0.187166 0.262032 0.374332 0.176471
0.235294 0.181818 0.368984 0.213904
0.171123 0.256684 0.497326 0.074866
0.149733 0.374332 0.267380 0.208556
0.187166 0.342246 0.245989 0.224599
0.256684 0.310160 0.251337 0.181818
0.117647 0.363636 0.256684 0.262032
0.374332 0.139037 0.299465 0.187166
0.080214 0.005348 0.802139 0.112299
0.005348 0.005348 0.957219 0.032086
0.000000 0.010695 0.989305 0.000000
1.000000 0.000000 0.000000 0.000000
0.010695 0.000000 0.989305 0.000000
0.000000 0.582888 0.406417 0.010695
0.983957 0.005348 0.000000 0.010695
0.021390 0.812834 0.155080 0.010695
0.058824 0.267380 0.171123 0.502674
0.117647 0.336898 0.433155 0.112299
0.347594 0.203209 0.251337 0.197861
0.074866 0.363636 0.454545 0.106952
0.310160 0.256684 0.256684 0.176471
0.171123 0.310160 0.358289 0.160428
0.176471 0.251337 0.358289 0.213904

