MEME version 4

ALPHABET= ACGT

strands: + -

MOTIF motif_5 motif_5
letter-probability matrix: alength= 4 w= 24
0.171642 0.350746 0.291045 0.186567
0.111940 0.388060 0.369403 0.130597
0.171642 0.402985 0.347015 0.078358
0.078358 0.388060 0.365672 0.167910
0.197761 0.272388 0.305970 0.223881
0.134328 0.231343 0.470149 0.164179
0.104478 0.485075 0.324627 0.085821
0.085821 0.115672 0.212687 0.585821
0.029851 0.679104 0.220149 0.070896
0.000000 0.955224 0.041045 0.003731
0.111940 0.776119 0.037313 0.074627
0.332090 0.067164 0.570896 0.029851
0.037313 0.925373 0.037313 0.000000
0.279851 0.298507 0.261194 0.160448
0.007463 0.888060 0.052239 0.052239
0.130597 0.742537 0.011194 0.115672
0.126866 0.279851 0.514925 0.078358
0.201493 0.052239 0.518657 0.227612
0.097015 0.384328 0.294776 0.223881
0.100746 0.276119 0.388060 0.235075
0.182836 0.395522 0.179104 0.242537
0.115672 0.417910 0.361940 0.104478
0.108209 0.332090 0.429104 0.130597
0.055970 0.376866 0.466418 0.100746

MOTIF motif_6 motif_6
letter-probability matrix: alength= 4 w= 24
0.144068 0.110169 0.423729 0.322034
0.025424 0.033898 0.923729 0.016949
0.169492 0.067797 0.762712 0.000000
0.440678 0.093220 0.135593 0.330508
0.050847 0.161017 0.745763 0.042373
0.279661 0.533898 0.093220 0.093220
0.144068 0.110169 0.652542 0.093220
0.025424 0.084746 0.881356 0.008475
0.152542 0.288136 0.466102 0.093220
0.271186 0.610169 0.093220 0.025424
0.406780 0.042373 0.516949 0.033898
0.093220 0.389831 0.483051 0.033898
0.203390 0.059322 0.313559 0.423729
0.127119 0.254237 0.389831 0.228814
0.254237 0.355932 0.237288 0.152542
0.203390 0.279661 0.220339 0.296610
0.127119 0.177966 0.491525 0.203390
0.406780 0.474576 0.016949 0.101695
0.169492 0.177966 0.440678 0.211864
0.381356 0.169492 0.203390 0.245763
0.542373 0.254237 0.059322 0.144068
0.305085 0.355932 0.228814 0.110169
0.177966 0.466102 0.220339 0.135593
0.228814 0.237288 0.322034 0.211864

