MEME version 4

ALPHABET= ACGT

strands: + -

MOTIF motif_1 motif_1
letter-probability matrix: alength= 4 w= 24
0.218935 0.408284 0.165680 0.207101
0.266272 0.301775 0.165680 0.266272
0.023669 0.431953 0.307692 0.236686
0.230769 0.189349 0.059172 0.520710
0.272189 0.171598 0.248521 0.307692
0.088757 0.236686 0.183432 0.491124
0.153846 0.100592 0.396450 0.349112
0.260355 0.112426 0.189349 0.437870
0.130178 0.485207 0.213018 0.171598
0.153846 0.295858 0.065089 0.485207
0.094675 0.071006 0.142012 0.692308
0.005917 0.213018 0.005917 0.775148
0.000000 0.005917 0.000000 0.994083
0.000000 0.000000 0.000000 1.000000
0.000000 0.000000 0.000000 1.000000
0.000000 0.000000 0.011834 0.988166
0.000000 0.000000 0.000000 1.000000
0.005917 0.005917 0.005917 0.982249
0.000000 0.000000 0.000000 1.000000
0.000000 0.000000 0.000000 1.000000
0.000000 0.005917 0.000000 0.994083
0.005917 0.005917 0.000000 0.988166
0.011834 0.017751 0.023669 0.946746
0.041420 0.035503 0.017751 0.905325

MOTIF motif_2 motif_2
letter-probability matrix: alength= 4 w= 24
0.968354 0.000000 0.025316 0.006329
1.000000 0.000000 0.000000 0.000000
0.987342 0.006329 0.006329 0.000000
1.000000 0.000000 0.000000 0.000000
0.993671 0.000000 0.006329 0.000000
1.000000 0.000000 0.000000 0.000000
1.000000 0.000000 0.000000 0.000000
1.000000 0.000000 0.000000 0.000000
1.000000 0.000000 0.000000 0.000000
0.968354 0.000000 0.031646 0.000000
0.943038 0.012658 0.037975 0.006329
0.677215 0.025316 0.259494 0.037975
0.443038 0.196203 0.246835 0.113924
0.348101 0.208861 0.177215 0.265823
0.373418 0.215190 0.284810 0.126582
0.284810 0.253165 0.284810 0.177215
0.341772 0.240506 0.145570 0.272152
0.379747 0.272152 0.151899 0.196203
0.139241 0.120253 0.183544 0.556962
0.240506 0.310127 0.297468 0.151899
0.455696 0.196203 0.151899 0.196203
0.253165 0.082278 0.512658 0.151899
0.139241 0.474684 0.208861 0.177215
0.493671 0.126582 0.056962 0.322785

MOTIF motif_10 motif_10
letter-probability matrix: alength= 4 w= 24
0.013514 0.081081 0.081081 0.824324
0.040541 0.013514 0.000000 0.945946
0.000000 0.013514 0.013514 0.972973
0.000000 0.000000 0.000000 1.000000
0.000000 0.040541 0.013514 0.945946
0.000000 0.013514 0.000000 0.986486
0.027027 0.027027 0.013514 0.932432
0.013514 0.000000 0.040541 0.945946
0.081081 0.040541 0.027027 0.851351
0.094595 0.054054 0.040541 0.810811
0.094595 0.054054 0.040541 0.810811
0.189189 0.081081 0.054054 0.675676
0.418919 0.310811 0.094595 0.175676
0.364865 0.256757 0.148649 0.229730
0.108108 0.324324 0.459459 0.108108
0.121622 0.472973 0.297297 0.108108
0.378378 0.351351 0.189189 0.081081
0.148649 0.121622 0.337838 0.391892
0.229730 0.162162 0.121622 0.486486
0.310811 0.148649 0.445946 0.094595
0.364865 0.324324 0.189189 0.121622
0.202703 0.121622 0.459459 0.216216
0.202703 0.243243 0.459459 0.094595
0.445946 0.108108 0.175676 0.270270

MOTIF motif_6 motif_6
letter-probability matrix: alength= 4 w= 24
0.413223 0.314050 0.140496 0.132231
0.438017 0.082645 0.355372 0.123967
0.545455 0.099174 0.247934 0.107438
0.157025 0.214876 0.247934 0.380165
0.404959 0.016529 0.504132 0.074380
0.099174 0.239669 0.578512 0.082645
0.082645 0.239669 0.132231 0.545455
0.066116 0.033058 0.900826 0.000000
0.057851 0.851240 0.074380 0.016529
0.024793 0.867769 0.033058 0.074380
0.487603 0.371901 0.074380 0.066116
0.000000 0.652893 0.049587 0.297521
0.041322 0.917355 0.008264 0.033058
0.173554 0.057851 0.049587 0.719008
0.413223 0.115702 0.404959 0.066116
0.099174 0.297521 0.520661 0.082645
0.231405 0.090909 0.090909 0.586777
0.074380 0.049587 0.793388 0.082645
0.239669 0.041322 0.578512 0.140496
0.165289 0.421488 0.123967 0.289256
0.256198 0.140496 0.289256 0.314050
0.297521 0.165289 0.355372 0.181818
0.280992 0.355372 0.140496 0.223140
0.495868 0.099174 0.107438 0.297521

MOTIF motif_14 motif_14
letter-probability matrix: alength= 4 w= 24
0.462366 0.129032 0.204301 0.204301
0.247312 0.268817 0.161290 0.322581
0.435484 0.112903 0.236559 0.215054
0.118280 0.306452 0.231183 0.344086
0.161290 0.290323 0.215054 0.333333
0.209677 0.021505 0.575269 0.193548
0.118280 0.806452 0.043011 0.032258
0.000000 0.994624 0.005376 0.000000
0.655914 0.225806 0.026882 0.091398
0.043011 0.639785 0.172043 0.145161
0.102151 0.596774 0.021505 0.279570
0.548387 0.021505 0.075269 0.354839
0.139785 0.005376 0.774194 0.080645
0.333333 0.086022 0.548387 0.032258
0.037634 0.010753 0.344086 0.607527
0.005376 0.000000 0.989247 0.005376
0.043011 0.010753 0.865591 0.080645
0.155914 0.575269 0.048387 0.220430
0.419355 0.139785 0.344086 0.096774
0.349462 0.290323 0.268817 0.091398
0.188172 0.247312 0.118280 0.446237
0.430108 0.231183 0.231183 0.107527
0.220430 0.155914 0.252688 0.370968
0.360215 0.096774 0.182796 0.360215

