MEME version 4

ALPHABET= ACGT

strands: + -

MOTIF motif_11 motif_11
letter-probability matrix: alength= 4 w= 24
0.266304 0.130435 0.353261 0.250000
0.201087 0.048913 0.614130 0.135870
0.331522 0.271739 0.206522 0.190217
0.097826 0.706522 0.097826 0.097826
0.255435 0.331522 0.114130 0.298913
0.097826 0.081522 0.717391 0.103261
0.021739 0.407609 0.054348 0.516304
0.141304 0.005435 0.853261 0.000000
0.000000 0.005435 0.005435 0.989130
0.543478 0.429348 0.021739 0.005435
0.000000 0.016304 0.586957 0.396739
0.989130 0.005435 0.000000 0.005435
0.000000 0.896739 0.000000 0.103261
0.510870 0.081522 0.358696 0.048913
0.130435 0.619565 0.157609 0.092391
0.271739 0.125000 0.385870 0.217391
0.076087 0.092391 0.614130 0.217391
0.266304 0.244565 0.233696 0.255435
0.195652 0.548913 0.119565 0.135870
0.179348 0.364130 0.157609 0.298913
0.168478 0.320652 0.244565 0.266304
0.255435 0.250000 0.244565 0.250000
0.217391 0.168478 0.407609 0.206522
0.228261 0.228261 0.331522 0.211957

MOTIF motif_5 motif_5
letter-probability matrix: alength= 4 w= 24
0.253968 0.309524 0.253968 0.182540
0.253968 0.261905 0.246032 0.238095
0.309524 0.253968 0.253968 0.182540
0.603175 0.142857 0.158730 0.095238
0.563492 0.055556 0.087302 0.293651
0.269841 0.126984 0.293651 0.309524
0.412698 0.126984 0.174603 0.285714
0.809524 0.134921 0.039683 0.015873
0.230159 0.079365 0.039683 0.650794
0.055556 0.650794 0.063492 0.230159
0.000000 0.960317 0.000000 0.039683
0.023810 0.000000 0.968254 0.007937
0.285714 0.039683 0.619048 0.055556
0.714286 0.023810 0.134921 0.126984
0.055556 0.000000 0.071429 0.873016
0.190476 0.150794 0.039683 0.619048
0.230159 0.246032 0.126984 0.396825
0.166667 0.079365 0.166667 0.587302
0.222222 0.166667 0.150794 0.460317
0.174603 0.301587 0.261905 0.261905
0.365079 0.214286 0.277778 0.142857
0.206349 0.357143 0.190476 0.246032
0.206349 0.325397 0.238095 0.230159
0.222222 0.206349 0.412698 0.158730

MOTIF motif_2 motif_2
letter-probability matrix: alength= 4 w= 24
0.000000 0.016043 0.951872 0.032086
0.096257 0.176471 0.053476 0.673797
0.171123 0.438503 0.283422 0.106952
0.139037 0.080214 0.048128 0.732620
0.935829 0.005348 0.021390 0.037433
0.064171 0.320856 0.411765 0.203209
0.855615 0.042781 0.069519 0.032086
0.122995 0.818182 0.032086 0.026738
0.262032 0.117647 0.251337 0.368984
0.144385 0.299465 0.433155 0.122995
0.181818 0.112299 0.267380 0.438503
0.160428 0.486631 0.106952 0.245989
0.342246 0.385027 0.048128 0.224599
0.165775 0.256684 0.208556 0.368984
0.171123 0.192513 0.229947 0.406417
0.080214 0.224599 0.299465 0.395722
0.203209 0.256684 0.262032 0.278075
0.304813 0.262032 0.192513 0.240642
0.133690 0.374332 0.283422 0.208556
0.315508 0.224599 0.197861 0.262032
0.433155 0.149733 0.336898 0.080214
0.122995 0.272727 0.197861 0.406417
0.192513 0.262032 0.320856 0.224599
0.090909 0.475936 0.133690 0.299465

MOTIF motif_10 motif_10
letter-probability matrix: alength= 4 w= 24
0.184211 0.421053 0.168421 0.226316
0.157895 0.321053 0.236842 0.284211
0.010526 0.015789 0.957895 0.015789
0.031579 0.052632 0.036842 0.878947
0.147368 0.610526 0.210526 0.031579
0.005263 0.026316 0.005263 0.963158
0.942105 0.010526 0.005263 0.042105
0.031579 0.478947 0.289474 0.200000
0.747368 0.000000 0.215789 0.036842
0.010526 0.900000 0.073684 0.015789
0.431579 0.110526 0.252632 0.205263
0.057895 0.152632 0.763158 0.026316
0.231579 0.121053 0.268421 0.378947
0.100000 0.642105 0.084211 0.173684
0.263158 0.347368 0.163158 0.226316
0.210526 0.336842 0.263158 0.189474
0.400000 0.226316 0.189474 0.184211
0.294737 0.221053 0.268421 0.215789
0.210526 0.289474 0.263158 0.236842
0.263158 0.294737 0.189474 0.252632
0.294737 0.263158 0.310526 0.131579
0.205263 0.294737 0.294737 0.205263
0.284211 0.252632 0.200000 0.263158
0.242105 0.200000 0.289474 0.268421

