MEME version 4

ALPHABET= ACGT

strands: + -

MOTIF motif_6 motif_6
letter-probability matrix: alength= 4 w= 24
0.304124 0.252577 0.273196 0.170103
0.324742 0.139175 0.412371 0.123711
0.675258 0.097938 0.211340 0.015464
0.000000 0.020619 0.000000 0.979381
0.000000 0.010309 0.804124 0.185567
0.989691 0.000000 0.010309 0.000000
0.041237 0.556701 0.175258 0.226804
0.298969 0.128866 0.572165 0.000000
0.005155 0.010309 0.000000 0.984536
0.175258 0.814433 0.000000 0.010309
0.984536 0.000000 0.010309 0.005155
0.020619 0.201031 0.118557 0.659794
0.113402 0.453608 0.134021 0.298969
0.185567 0.278351 0.211340 0.324742
0.201031 0.206186 0.185567 0.407216
0.211340 0.195876 0.211340 0.381443
0.206186 0.283505 0.118557 0.391753
0.304124 0.273196 0.164948 0.257732
0.247423 0.242268 0.195876 0.314433
0.283505 0.242268 0.175258 0.298969
0.350515 0.221649 0.231959 0.195876
0.273196 0.211340 0.185567 0.329897
0.226804 0.211340 0.242268 0.319588
0.201031 0.226804 0.231959 0.340206

