MEME version 4

ALPHABET= ACGT

strands: + -

MOTIF motif_1 motif_1
letter-probability matrix: alength= 4 w= 24
0.296552 0.133333 0.397701 0.172414
0.705747 0.062069 0.218391 0.013793
0.002299 0.006897 0.002299 0.988506
0.000000 0.004598 0.857471 0.137931
0.990805 0.000000 0.004598 0.004598
0.006897 0.678161 0.062069 0.252874
0.280460 0.059770 0.648276 0.011494
0.009195 0.002299 0.004598 0.983908
0.121839 0.868966 0.002299 0.006897
0.990805 0.000000 0.009195 0.000000
0.013793 0.195402 0.048276 0.742529
0.170115 0.358621 0.131034 0.340230
0.257471 0.220690 0.222989 0.298851
0.197701 0.273563 0.209195 0.319540
0.241379 0.197701 0.170115 0.390805
0.239080 0.239080 0.202299 0.319540
0.250575 0.216092 0.165517 0.367816
0.287356 0.206897 0.220690 0.285057
0.268966 0.188506 0.255172 0.287356
0.264368 0.218391 0.213793 0.303448
0.289655 0.222989 0.183908 0.303448
0.227586 0.213793 0.243678 0.314943
0.229885 0.241379 0.229885 0.298851
0.255172 0.280460 0.193103 0.271264

MOTIF motif_10 motif_10
letter-probability matrix: alength= 4 w= 24
0.12 0.24 0.20 0.44
0.08 0.08 0.08 0.76
0.24 0.12 0.32 0.32
0.48 0.00 0.08 0.44
0.16 0.44 0.08 0.32
0.24 0.16 0.32 0.28
0.48 0.16 0.08 0.28
0.08 0.56 0.00 0.36
0.84 0.04 0.04 0.08
0.00 0.00 0.00 1.00
0.00 0.04 0.92 0.04
0.76 0.08 0.12 0.04
0.04 0.64 0.00 0.32
0.16 0.16 0.48 0.20
0.00 0.12 0.08 0.80
0.08 0.60 0.00 0.32
0.60 0.28 0.00 0.12
0.12 0.32 0.00 0.56
0.24 0.28 0.12 0.36
0.28 0.16 0.16 0.40
0.04 0.64 0.12 0.20
0.44 0.24 0.08 0.24
0.60 0.04 0.16 0.20
0.16 0.20 0.00 0.64

MOTIF motif_6 motif_6
letter-probability matrix: alength= 4 w= 24
0.312639 0.215078 0.241685 0.230599
0.305987 0.139690 0.383592 0.170732
0.709534 0.077605 0.208426 0.004435
0.008869 0.015521 0.002217 0.973392
0.004435 0.011086 0.818182 0.166297
0.984479 0.002217 0.006652 0.006652
0.017738 0.680710 0.059867 0.241685
0.274945 0.055432 0.665188 0.004435
0.006652 0.004435 0.002217 0.986696
0.128603 0.855876 0.004435 0.011086
0.984479 0.000000 0.013304 0.002217
0.017738 0.177384 0.068736 0.736142
0.155211 0.334812 0.121951 0.388027
0.270510 0.201774 0.223947 0.303769
0.186253 0.277162 0.192905 0.343681
0.259424 0.203991 0.179601 0.356984
0.274945 0.223947 0.155211 0.345898
0.266075 0.226164 0.166297 0.341463
0.290466 0.208426 0.217295 0.283814
0.268293 0.208426 0.219512 0.303769
0.292683 0.215078 0.192905 0.299335
0.279379 0.203991 0.221729 0.294900
0.221729 0.203991 0.272727 0.301552
0.257206 0.219512 0.237251 0.286031

