MEME version 4

ALPHABET= ACGT

strands: + -

MOTIF motif_1 motif_1
letter-probability matrix: alength= 4 w= 24
0.227468 0.236052 0.278970 0.257511
0.218884 0.257511 0.218884 0.304721
0.274678 0.236052 0.227468 0.261803
0.248927 0.167382 0.231760 0.351931
0.231760 0.257511 0.278970 0.231760
0.158798 0.296137 0.261803 0.283262
0.326180 0.244635 0.188841 0.240343
0.575107 0.047210 0.167382 0.210300
0.051502 0.339056 0.463519 0.145923
0.038627 0.047210 0.094421 0.819742
0.158798 0.296137 0.064378 0.480687
0.094421 0.236052 0.085837 0.583691
0.171674 0.489270 0.103004 0.236052
0.364807 0.085837 0.450644 0.098712
0.424893 0.124464 0.154506 0.296137
0.296137 0.012876 0.158798 0.532189
0.592275 0.085837 0.017167 0.304721
0.000000 0.004292 0.000000 0.995708
0.012876 0.051502 0.828326 0.107296
0.965665 0.004292 0.000000 0.030043
0.081545 0.523605 0.364807 0.030043
0.025751 0.004292 0.008584 0.961373
0.214592 0.622318 0.103004 0.060086
0.772532 0.051502 0.103004 0.072961

MOTIF motif_11 motif_11
letter-probability matrix: alength= 4 w= 24
0.311966 0.264957 0.260684 0.162393
0.320513 0.243590 0.230769 0.205128
0.260684 0.175214 0.264957 0.299145
0.183761 0.196581 0.474359 0.145299
0.230769 0.410256 0.166667 0.192308
0.149573 0.149573 0.051282 0.649573
0.076923 0.183761 0.525641 0.213675
0.888889 0.012821 0.025641 0.072650
0.021368 0.329060 0.589744 0.059829
0.017094 0.021368 0.004274 0.957265
0.098291 0.876068 0.021368 0.004274
0.987179 0.008547 0.000000 0.004274
0.252137 0.021368 0.106838 0.619658
0.632479 0.029915 0.017094 0.320513
0.380342 0.196581 0.115385 0.307692
0.119658 0.444444 0.068376 0.367521
0.213675 0.102564 0.529915 0.153846
0.576923 0.102564 0.226496 0.094017
0.529915 0.072650 0.269231 0.128205
0.841880 0.072650 0.025641 0.059829
0.149573 0.435897 0.397436 0.017094
0.230769 0.188034 0.038462 0.542735
0.286325 0.149573 0.282051 0.282051
0.243590 0.260684 0.294872 0.200855

MOTIF motif_5 motif_5
letter-probability matrix: alength= 4 w= 24
0.318367 0.293878 0.167347 0.220408
0.314286 0.187755 0.220408 0.277551
0.232653 0.208163 0.363265 0.195918
0.453061 0.240816 0.171429 0.134694
0.151020 0.106122 0.065306 0.677551
0.069388 0.102041 0.542857 0.285714
0.938776 0.036735 0.008163 0.016327
0.093878 0.314286 0.461224 0.130612
0.000000 0.036735 0.065306 0.897959
0.048980 0.914286 0.008163 0.028571
0.946939 0.012245 0.016327 0.024490
0.253061 0.089796 0.114286 0.542857
0.469388 0.142857 0.032653 0.355102
0.293878 0.118367 0.057143 0.530612
0.081633 0.563265 0.106122 0.248980
0.216327 0.232653 0.257143 0.293878
0.338776 0.085714 0.330612 0.244898
0.265306 0.228571 0.293878 0.212245
0.559184 0.265306 0.044898 0.130612
0.240816 0.526531 0.118367 0.114286
0.257143 0.118367 0.126531 0.497959
0.155102 0.265306 0.265306 0.314286
0.175510 0.126531 0.244898 0.453061
0.138776 0.204082 0.538776 0.118367

MOTIF motif_2 motif_2
letter-probability matrix: alength= 4 w= 24
0.354167 0.245833 0.145833 0.254167
0.379167 0.216667 0.225000 0.179167
0.341667 0.216667 0.204167 0.237500
0.329167 0.312500 0.137500 0.220833
0.258333 0.254167 0.158333 0.329167
0.262500 0.279167 0.191667 0.266667
0.208333 0.245833 0.266667 0.279167
0.275000 0.295833 0.183333 0.245833
0.512500 0.058333 0.250000 0.179167
0.125000 0.258333 0.404167 0.212500
0.033333 0.070833 0.087500 0.808333
0.129167 0.366667 0.041667 0.462500
0.083333 0.304167 0.075000 0.537500
0.154167 0.466667 0.079167 0.300000
0.329167 0.050000 0.508333 0.112500
0.437500 0.120833 0.158333 0.283333
0.329167 0.012500 0.112500 0.545833
0.641667 0.137500 0.008333 0.212500
0.000000 0.000000 0.000000 1.000000
0.004167 0.012500 0.916667 0.066667
0.987500 0.000000 0.004167 0.008333
0.070833 0.558333 0.333333 0.037500
0.045833 0.020833 0.012500 0.920833
0.225000 0.545833 0.175000 0.054167

MOTIF motif_10 motif_10
letter-probability matrix: alength= 4 w= 24
0.199219 0.167969 0.421875 0.210938
0.171875 0.171875 0.214844 0.441406
0.265625 0.359375 0.191406 0.183594
0.226562 0.320312 0.179688 0.273438
0.160156 0.328125 0.152344 0.359375
0.238281 0.179688 0.367188 0.214844
0.296875 0.144531 0.257812 0.300781
0.273438 0.089844 0.214844 0.421875
0.468750 0.242188 0.125000 0.164062
0.035156 0.035156 0.015625 0.914062
0.003906 0.042969 0.750000 0.203125
0.972656 0.007812 0.015625 0.003906
0.054688 0.382812 0.503906 0.058594
0.000000 0.000000 0.003906 0.996094
0.050781 0.949219 0.000000 0.000000
0.988281 0.000000 0.011719 0.000000
0.109375 0.121094 0.226562 0.542969
0.433594 0.187500 0.058594 0.320312
0.410156 0.167969 0.093750 0.328125
0.152344 0.414062 0.183594 0.250000
0.285156 0.171875 0.343750 0.199219
0.332031 0.128906 0.304688 0.234375
0.187500 0.128906 0.425781 0.257812
0.546875 0.250000 0.097656 0.105469

MOTIF motif_14 motif_14
letter-probability matrix: alength= 4 w= 24
0.469697 0.060606 0.431818 0.037879
0.393939 0.250000 0.053030 0.303030
0.250000 0.348485 0.196970 0.204545
0.340909 0.143939 0.234848 0.280303
0.204545 0.348485 0.159091 0.287879
0.227273 0.068182 0.560606 0.143939
0.295455 0.189394 0.318182 0.196970
0.371212 0.378788 0.174242 0.075758
0.931818 0.007576 0.022727 0.037879
0.416667 0.212121 0.287879 0.083333
0.393939 0.174242 0.227273 0.204545
0.280303 0.151515 0.166667 0.401515
0.015152 0.840909 0.113636 0.030303
0.863636 0.053030 0.030303 0.053030
0.295455 0.121212 0.446970 0.136364
0.712121 0.098485 0.075758 0.113636
0.477273 0.136364 0.356061 0.030303
0.272727 0.045455 0.310606 0.371212
0.121212 0.287879 0.287879 0.303030
0.530303 0.272727 0.159091 0.037879
0.621212 0.068182 0.090909 0.219697
0.151515 0.545455 0.295455 0.007576
0.492424 0.075758 0.053030 0.378788
0.060606 0.507576 0.219697 0.212121

