MEME version 4

ALPHABET= ACGT

strands: + -

MOTIF motif_1 motif_1
letter-probability matrix: alength= 4 w= 24
0.882641 0.046455 0.039120 0.031785
0.004890 0.973105 0.007335 0.014670
0.002445 0.002445 0.992665 0.002445
0.046455 0.017115 0.019560 0.916870
0.000000 0.002445 0.953545 0.044010
0.315403 0.552567 0.004890 0.127139
0.217604 0.317848 0.278729 0.185819
0.154034 0.234719 0.320293 0.290954
0.193154 0.281174 0.342298 0.183374
0.190709 0.266504 0.295844 0.246944
0.227384 0.261614 0.325183 0.185819
0.207824 0.310513 0.300733 0.180929
0.232274 0.222494 0.381418 0.163814
0.227384 0.293399 0.251834 0.227384
0.276284 0.210269 0.327628 0.185819
0.254279 0.276284 0.261614 0.207824
0.251834 0.286064 0.239609 0.222494
0.171149 0.369193 0.244499 0.215159
0.229829 0.281174 0.212714 0.276284
0.166259 0.266504 0.347188 0.220049
0.198044 0.249389 0.305623 0.246944
0.178484 0.271394 0.310513 0.239609
0.202934 0.237164 0.308068 0.251834
0.227384 0.246944 0.332518 0.193154

MOTIF motif_11 motif_11
letter-probability matrix: alength= 4 w= 24
0.393939 0.242424 0.151515 0.212121
0.181818 0.242424 0.121212 0.454545
0.000000 0.030303 0.030303 0.939394
0.060606 0.090909 0.000000 0.848485
0.030303 0.545455 0.000000 0.424242
0.121212 0.393939 0.121212 0.363636
0.121212 0.000000 0.030303 0.848485
0.454545 0.181818 0.272727 0.090909
0.515152 0.121212 0.090909 0.272727
0.151515 0.181818 0.515152 0.151515
0.030303 0.606061 0.151515 0.212121
0.696970 0.000000 0.121212 0.181818
0.121212 0.818182 0.000000 0.060606
0.484848 0.000000 0.363636 0.151515
0.212121 0.272727 0.212121 0.303030
0.303030 0.060606 0.515152 0.121212
0.030303 0.696970 0.000000 0.272727
0.363636 0.303030 0.181818 0.151515
0.212121 0.545455 0.121212 0.121212
0.454545 0.272727 0.151515 0.121212
0.000000 0.030303 0.666667 0.303030
0.212121 0.484848 0.242424 0.060606
0.272727 0.121212 0.303030 0.303030
0.121212 0.303030 0.515152 0.060606

MOTIF motif_2 motif_2
letter-probability matrix: alength= 4 w= 24
0.219565 0.250000 0.313043 0.217391
0.180435 0.321739 0.273913 0.223913
0.295652 0.297826 0.252174 0.154348
0.213043 0.289130 0.300000 0.197826
0.126087 0.010870 0.536957 0.326087
0.034783 0.963043 0.002174 0.000000
0.860870 0.047826 0.039130 0.052174
0.006522 0.897826 0.017391 0.078261
0.021739 0.004348 0.971739 0.002174
0.030435 0.026087 0.008696 0.934783
0.004348 0.000000 0.913043 0.082609
0.297826 0.523913 0.039130 0.139130
0.254348 0.365217 0.247826 0.132609
0.200000 0.247826 0.228261 0.323913
0.215217 0.245652 0.350000 0.189130
0.256522 0.289130 0.263043 0.191304
0.228261 0.332609 0.289130 0.150000
0.263043 0.308696 0.252174 0.176087
0.250000 0.273913 0.282609 0.193478
0.239130 0.278261 0.289130 0.193478
0.263043 0.193478 0.300000 0.243478
0.210870 0.284783 0.317391 0.186957
0.256522 0.317391 0.232609 0.193478
0.173913 0.304348 0.302174 0.219565

MOTIF motif_6 motif_6
letter-probability matrix: alength= 4 w= 24
0.273731 0.282561 0.242826 0.200883
0.247241 0.282561 0.280353 0.189845
0.247241 0.251656 0.295806 0.205298
0.231788 0.346578 0.251656 0.169978
0.233996 0.291391 0.280353 0.194260
0.218543 0.403974 0.211921 0.165563
0.298013 0.293598 0.227373 0.181015
0.174393 0.280353 0.344371 0.200883
0.154525 0.019868 0.545254 0.280353
0.048565 0.951435 0.000000 0.000000
0.911700 0.037528 0.006623 0.044150
0.004415 0.982340 0.004415 0.008830
0.033113 0.024283 0.942605 0.000000
0.044150 0.044150 0.019868 0.891832
0.006623 0.008830 0.889625 0.094923
0.286976 0.456954 0.028698 0.227373
0.216336 0.320088 0.328918 0.134658
0.222958 0.260486 0.253863 0.262693
0.183223 0.260486 0.315673 0.240618
0.161148 0.306843 0.271523 0.260486
0.249448 0.256071 0.284768 0.209713
0.273731 0.267108 0.249448 0.209713
0.247241 0.203091 0.335541 0.214128
0.220751 0.242826 0.233996 0.302428

