MEME version 4

ALPHABET= ACGT

strands: + -

MOTIF motif_1 motif_1
letter-probability matrix: alength= 4 w= 24
0.179541 0.104384 0.348643 0.367432
0.588727 0.083507 0.321503 0.006263
0.000000 0.004175 0.000000 0.995825
0.000000 0.000000 0.114823 0.885177
0.181628 0.002088 0.782881 0.033403
0.035491 0.711900 0.010438 0.242171
0.248434 0.006263 0.722338 0.022965
0.052192 0.755741 0.002088 0.189979
0.866388 0.133612 0.000000 0.000000
0.995825 0.000000 0.000000 0.004175
0.004175 0.344468 0.085595 0.565762
0.411273 0.325678 0.102296 0.160752
0.290188 0.244259 0.187891 0.277662
0.219207 0.271399 0.162839 0.346555
0.246347 0.235908 0.265136 0.252610
0.294363 0.240084 0.219207 0.246347
0.237996 0.294363 0.240084 0.227557
0.269311 0.250522 0.221294 0.258873
0.308977 0.212944 0.225470 0.252610
0.277662 0.279749 0.204593 0.237996
0.260960 0.242171 0.233820 0.263048
0.302714 0.219207 0.212944 0.265136
0.308977 0.237996 0.183716 0.269311
0.260960 0.240084 0.192067 0.306889

MOTIF motif_10 motif_10
letter-probability matrix: alength= 4 w= 24
0.179739 0.313725 0.294118 0.212418
0.281046 0.192810 0.235294 0.290850
0.186275 0.209150 0.267974 0.336601
0.232026 0.264706 0.264706 0.238562
0.163399 0.316993 0.209150 0.310458
0.307190 0.218954 0.153595 0.320261
0.254902 0.124183 0.385621 0.235294
0.258170 0.212418 0.290850 0.238562
0.470588 0.127451 0.297386 0.104575
0.071895 0.055556 0.127451 0.745098
0.222222 0.081699 0.437908 0.258170
0.316993 0.022876 0.153595 0.506536
0.022876 0.130719 0.039216 0.807190
0.000000 0.000000 0.996732 0.003268
0.019608 0.980392 0.000000 0.000000
0.846405 0.006536 0.130719 0.016340
0.611111 0.133987 0.022876 0.232026
0.294118 0.343137 0.071895 0.290850
0.735294 0.150327 0.035948 0.078431
0.130719 0.277778 0.199346 0.392157
0.261438 0.310458 0.176471 0.251634
0.300654 0.192810 0.232026 0.274510
0.274510 0.287582 0.196078 0.241830
0.196078 0.254902 0.225490 0.323529

