MEME version 4

ALPHABET= ACGT

strands: + -

MOTIF motif_1 motif_1
letter-probability matrix: alength= 4 w= 24
0.191667 0.191667 0.270833 0.345833
0.295833 0.241667 0.408333 0.054167
0.037500 0.120833 0.008333 0.833333
0.025000 0.087500 0.795833 0.091667
0.816667 0.025000 0.062500 0.095833
0.016667 0.920833 0.008333 0.054167
0.208333 0.050000 0.729167 0.012500
0.100000 0.037500 0.054167 0.808333
0.070833 0.887500 0.025000 0.016667
0.837500 0.025000 0.116667 0.020833
0.112500 0.645833 0.070833 0.170833
0.241667 0.241667 0.291667 0.225000
0.100000 0.429167 0.287500 0.183333
0.112500 0.175000 0.329167 0.383333
0.179167 0.287500 0.383333 0.150000
0.266667 0.304167 0.245833 0.183333
0.141667 0.391667 0.387500 0.079167
0.137500 0.312500 0.262500 0.287500
0.133333 0.308333 0.375000 0.183333
0.195833 0.495833 0.141667 0.166667
0.166667 0.454167 0.216667 0.162500
0.233333 0.279167 0.291667 0.195833
0.120833 0.350000 0.295833 0.233333
0.170833 0.295833 0.341667 0.191667

MOTIF motif_13 motif_13
letter-probability matrix: alength= 4 w= 24
0.132743 0.176991 0.597345 0.092920
0.150442 0.252212 0.393805 0.203540
0.150442 0.362832 0.420354 0.066372
0.238938 0.234513 0.274336 0.252212
0.172566 0.309735 0.190265 0.327434
0.053097 0.305310 0.455752 0.185841
0.199115 0.508850 0.128319 0.163717
0.150442 0.353982 0.349558 0.146018
0.305310 0.119469 0.336283 0.238938
0.314159 0.278761 0.252212 0.154867
0.331858 0.292035 0.225664 0.150442
0.194690 0.128319 0.659292 0.017699
0.022124 0.026549 0.030973 0.920354
0.008850 0.146018 0.792035 0.053097
0.902655 0.035398 0.017699 0.044248
0.039823 0.911504 0.026549 0.022124
0.070796 0.022124 0.831858 0.075221
0.039823 0.349558 0.026549 0.584071
0.345133 0.438053 0.159292 0.057522
0.407080 0.070796 0.353982 0.168142
0.172566 0.349558 0.349558 0.128319
0.146018 0.491150 0.265487 0.097345
0.137168 0.243363 0.438053 0.181416
0.203540 0.336283 0.340708 0.119469

MOTIF motif_11 motif_11
letter-probability matrix: alength= 4 w= 24
0.077982 0.761468 0.059633 0.100917
0.082569 0.032110 0.880734 0.004587
0.082569 0.224771 0.036697 0.655963
0.068807 0.862385 0.050459 0.018349
0.844037 0.027523 0.119266 0.009174
0.041284 0.440367 0.334862 0.183486
0.220183 0.371560 0.174312 0.233945
0.252294 0.197248 0.256881 0.293578
0.137615 0.449541 0.279817 0.133028
0.151376 0.458716 0.105505 0.284404
0.146789 0.146789 0.449541 0.256881
0.073394 0.220183 0.591743 0.114679
0.096330 0.532110 0.224771 0.146789
0.059633 0.431193 0.362385 0.146789
0.073394 0.504587 0.128440 0.293578
0.032110 0.380734 0.500000 0.087156
0.073394 0.243119 0.408257 0.275229
0.050459 0.385321 0.178899 0.385321
0.256881 0.206422 0.339450 0.197248
0.270642 0.311927 0.252294 0.165138
0.288991 0.252294 0.247706 0.211009
0.220183 0.215596 0.371560 0.192661
0.077982 0.206422 0.293578 0.422018
0.055046 0.266055 0.160550 0.518349

MOTIF motif_2 motif_2
letter-probability matrix: alength= 4 w= 24
0.172840 0.336420 0.219136 0.271605
0.185185 0.333333 0.197531 0.283951
0.169753 0.216049 0.388889 0.225309
0.358025 0.212963 0.367284 0.061728
0.046296 0.077160 0.027778 0.848765
0.018519 0.052469 0.882716 0.046296
0.907407 0.033951 0.018519 0.040123
0.000000 0.898148 0.018519 0.083333
0.058642 0.021605 0.873457 0.046296
0.092593 0.111111 0.015432 0.780864
0.197531 0.750000 0.030864 0.021605
0.765432 0.043210 0.132716 0.058642
0.101852 0.407407 0.160494 0.330247
0.200617 0.311728 0.212963 0.274691
0.250000 0.141975 0.370370 0.237654
0.163580 0.385802 0.299383 0.151235
0.194444 0.358025 0.327160 0.120370
0.191358 0.308642 0.317901 0.182099
0.240741 0.225309 0.391975 0.141975
0.200617 0.166667 0.376543 0.256173
0.225309 0.385802 0.197531 0.191358
0.237654 0.222222 0.373457 0.166667
0.175926 0.342593 0.302469 0.179012
0.104938 0.438272 0.324074 0.132716

MOTIF motif_10 motif_10
letter-probability matrix: alength= 4 w= 24
0.238938 0.283186 0.389381 0.088496
0.075221 0.234513 0.053097 0.637168
0.101770 0.216814 0.615044 0.066372
0.690265 0.128319 0.088496 0.092920
0.048673 0.787611 0.070796 0.092920
0.057522 0.084071 0.836283 0.022124
0.035398 0.097345 0.048673 0.818584
0.123894 0.805310 0.053097 0.017699
0.601770 0.026549 0.323009 0.048673
0.048673 0.283186 0.411504 0.256637
0.230088 0.561947 0.084071 0.123894
0.190265 0.221239 0.508850 0.079646
0.283186 0.389381 0.181416 0.146018
0.141593 0.132743 0.513274 0.212389
0.159292 0.469027 0.132743 0.238938
0.216814 0.176991 0.362832 0.243363
0.106195 0.137168 0.522124 0.234513
0.274336 0.340708 0.075221 0.309735
0.252212 0.176991 0.482301 0.088496
0.438053 0.269912 0.199115 0.092920
0.101770 0.455752 0.247788 0.194690
0.119469 0.150442 0.632743 0.097345
0.309735 0.216814 0.269912 0.203540
0.146018 0.495575 0.185841 0.172566

MOTIF motif_4 motif_4
letter-probability matrix: alength= 4 w= 24
0.051282 0.358974 0.076923 0.512821
0.153846 0.230769 0.384615 0.230769
0.102564 0.000000 0.102564 0.794872
0.051282 0.897436 0.025641 0.025641
0.871795 0.000000 0.102564 0.025641
0.179487 0.256410 0.461538 0.102564
0.307692 0.358974 0.256410 0.076923
0.435897 0.384615 0.153846 0.025641
0.538462 0.000000 0.205128 0.256410
0.282051 0.384615 0.128205 0.205128
0.435897 0.230769 0.102564 0.230769
0.205128 0.153846 0.307692 0.333333
0.512821 0.179487 0.256410 0.051282
0.282051 0.102564 0.358974 0.256410
0.102564 0.589744 0.230769 0.076923
0.102564 0.000000 0.820513 0.076923
0.205128 0.358974 0.076923 0.358974
0.153846 0.589744 0.256410 0.000000
0.307692 0.230769 0.307692 0.153846
0.102564 0.205128 0.487179 0.205128
0.076923 0.256410 0.307692 0.358974
0.051282 0.025641 0.102564 0.820513
0.384615 0.282051 0.179487 0.153846
0.128205 0.230769 0.410256 0.230769

