MEME version 4

ALPHABET= ACGT

strands: + -

MOTIF motif_1 motif_1
letter-probability matrix: alength= 4 w= 24
0.030568 0.336245 0.262009 0.371179
0.388646 0.139738 0.397380 0.074236
0.048035 0.353712 0.524017 0.074236
0.013100 0.497817 0.017467 0.471616
0.074236 0.039301 0.829694 0.056769
0.082969 0.886463 0.008734 0.021834
0.000000 0.995633 0.000000 0.004367
0.458515 0.506550 0.021834 0.013100
0.004367 0.668122 0.000000 0.327511
0.013100 0.982533 0.004367 0.000000
0.008734 0.048035 0.026201 0.917031
0.371179 0.061135 0.441048 0.126638
0.013100 0.275109 0.694323 0.017467
0.069869 0.069869 0.017467 0.842795
0.000000 0.004367 0.995633 0.000000
0.034934 0.043668 0.868996 0.052402
0.131004 0.497817 0.087336 0.283843
0.139738 0.519651 0.174672 0.165939
0.515284 0.100437 0.318777 0.065502
0.235808 0.323144 0.244541 0.196507
0.344978 0.139738 0.244541 0.270742
0.222707 0.240175 0.340611 0.196507
0.187773 0.257642 0.410480 0.144105
0.218341 0.275109 0.323144 0.183406

MOTIF motif_2 motif_2
letter-probability matrix: alength= 4 w= 24
0.257143 0.085714 0.542857 0.114286
0.048571 0.877143 0.028571 0.045714
0.031429 0.945714 0.008571 0.014286
0.725714 0.068571 0.108571 0.097143
0.028571 0.657143 0.288571 0.025714
0.111429 0.445714 0.020000 0.422857
0.742857 0.051429 0.097143 0.108571
0.025714 0.005714 0.928571 0.040000
0.357143 0.014286 0.591429 0.037143
0.037143 0.025714 0.474286 0.462857
0.000000 0.005714 0.988571 0.005714
0.017143 0.051429 0.862857 0.068571
0.117143 0.774286 0.034286 0.074286
0.402857 0.051429 0.520000 0.025714
0.105714 0.480000 0.345714 0.068571
0.117143 0.417143 0.120000 0.345714
0.374286 0.254286 0.282857 0.088571
0.171429 0.217143 0.288571 0.322857
0.285714 0.268571 0.220000 0.225714
0.157143 0.197143 0.485714 0.160000
0.182857 0.337143 0.308571 0.171429
0.208571 0.365714 0.257143 0.168571
0.154286 0.525714 0.114286 0.205714
0.311429 0.382857 0.082857 0.222857

MOTIF motif_10 motif_10
letter-probability matrix: alength= 4 w= 24
0.246305 0.019704 0.394089 0.339901
0.098522 0.118227 0.571429 0.211823
0.108374 0.256158 0.320197 0.315271
0.103448 0.187192 0.438424 0.270936
0.068966 0.674877 0.118227 0.137931
0.226601 0.330049 0.133005 0.310345
0.369458 0.241379 0.172414 0.216749
0.103448 0.285714 0.192118 0.418719
0.231527 0.157635 0.418719 0.192118
0.073892 0.463054 0.384236 0.078818
0.049261 0.394089 0.000000 0.556650
0.044335 0.078818 0.842365 0.034483
0.108374 0.857143 0.024631 0.009852
0.004926 0.935961 0.014778 0.044335
0.384236 0.551724 0.044335 0.019704
0.113300 0.536946 0.019704 0.330049
0.009852 0.945813 0.014778 0.029557
0.049261 0.029557 0.078818 0.842365
0.399015 0.039409 0.403941 0.157635
0.039409 0.290640 0.625616 0.044335
0.137931 0.088670 0.103448 0.669951
0.059113 0.004926 0.891626 0.044335
0.014778 0.049261 0.916256 0.019704
0.162562 0.438424 0.133005 0.266010

