MEME version 4

ALPHABET= ACGT

strands: + -

MOTIF motif_11 motif_11
letter-probability matrix: alength= 4 w= 24
0.400990 0.188119 0.242574 0.168317
0.301980 0.242574 0.207921 0.247525
0.445545 0.202970 0.113861 0.237624
0.400990 0.287129 0.168317 0.143564
0.306931 0.237624 0.178218 0.277228
0.153465 0.113861 0.217822 0.514851
0.311881 0.059406 0.400990 0.227723
0.915842 0.024752 0.029703 0.029703
0.009901 0.019802 0.000000 0.970297
0.029703 0.816832 0.004950 0.148515
0.623762 0.000000 0.361386 0.014851
0.965347 0.004950 0.000000 0.029703
0.000000 0.000000 0.004950 0.995050
0.480198 0.183168 0.108911 0.227723
0.366337 0.198020 0.158416 0.277228
0.425743 0.163366 0.138614 0.272277
0.198020 0.173267 0.178218 0.450495
0.193069 0.242574 0.222772 0.341584
0.361386 0.143564 0.242574 0.252475
0.321782 0.346535 0.138614 0.193069
0.326733 0.118812 0.103960 0.450495
0.247525 0.222772 0.113861 0.415842
0.381188 0.153465 0.188119 0.277228
0.435644 0.128713 0.198020 0.237624

MOTIF motif_5 motif_5
letter-probability matrix: alength= 4 w= 24
0.360465 0.122093 0.162791 0.354651
0.127907 0.209302 0.162791 0.500000
0.366279 0.232558 0.087209 0.313953
0.238372 0.197674 0.308140 0.255814
0.505814 0.093023 0.232558 0.168605
0.168605 0.139535 0.406977 0.284884
0.284884 0.017442 0.174419 0.523256
0.215116 0.127907 0.220930 0.436047
0.889535 0.011628 0.005814 0.093023
0.034884 0.000000 0.058140 0.906977
0.005814 0.558140 0.046512 0.389535
0.313953 0.017442 0.651163 0.017442
0.924419 0.017442 0.046512 0.011628
0.116279 0.005814 0.005814 0.872093
0.325581 0.180233 0.046512 0.447674
0.505814 0.162791 0.116279 0.215116
0.186047 0.319767 0.139535 0.354651
0.325581 0.302326 0.087209 0.284884
0.296512 0.040698 0.238372 0.424419
0.215116 0.151163 0.360465 0.273256
0.459302 0.087209 0.145349 0.308140
0.354651 0.238372 0.186047 0.220930
0.191860 0.186047 0.273256 0.348837
0.302326 0.180233 0.075581 0.441860

MOTIF motif_9 motif_9
letter-probability matrix: alength= 4 w= 24
0.478947 0.178947 0.147368 0.194737
0.384211 0.168421 0.231579 0.215789
0.268421 0.168421 0.215789 0.347368
0.084211 0.105263 0.247368 0.563158
0.278947 0.110526 0.263158 0.347368
0.989474 0.000000 0.010526 0.000000
0.031579 0.005263 0.005263 0.957895
0.000000 0.426316 0.010526 0.563158
0.284211 0.015789 0.684211 0.015789
0.931579 0.042105 0.010526 0.015789
0.015789 0.015789 0.005263 0.963158
0.347368 0.278947 0.047368 0.326316
0.489474 0.173684 0.194737 0.142105
0.173684 0.236842 0.178947 0.410526
0.189474 0.231579 0.157895 0.421053
0.268421 0.094737 0.121053 0.515789
0.268421 0.215789 0.263158 0.252632
0.268421 0.242105 0.194737 0.294737
0.173684 0.305263 0.147368 0.373684
0.231579 0.310526 0.178947 0.278947
0.331579 0.173684 0.310526 0.184211
0.268421 0.173684 0.147368 0.410526
0.242105 0.300000 0.189474 0.268421
0.352632 0.115789 0.142105 0.389474

