MEME version 4

ALPHABET= ACGT

strands: + -

MOTIF motif_11 motif_11
letter-probability matrix: alength= 4 w= 24
0.250871 0.310105 0.135889 0.303136
0.125436 0.383275 0.219512 0.271777
0.114983 0.379791 0.149826 0.355401
0.118467 0.233449 0.240418 0.407666
0.135889 0.264808 0.306620 0.292683
0.205575 0.292683 0.334495 0.167247
0.351916 0.216028 0.205575 0.226481
0.421603 0.264808 0.212544 0.101045
0.146341 0.240418 0.365854 0.247387
0.059233 0.334495 0.153310 0.452962
0.139373 0.198606 0.045296 0.616725
0.066202 0.508711 0.358885 0.066202
0.013937 0.519164 0.425087 0.041812
0.000000 0.986063 0.006969 0.006969
0.010453 0.000000 0.954704 0.034843
0.010453 0.811847 0.153310 0.024390
0.066202 0.571429 0.247387 0.114983
0.278746 0.271777 0.188153 0.261324
0.205575 0.181185 0.296167 0.317073
0.170732 0.351916 0.365854 0.111498
0.250871 0.351916 0.188153 0.209059
0.191638 0.421603 0.243902 0.142857
0.069686 0.459930 0.303136 0.167247
0.229965 0.327526 0.226481 0.216028

MOTIF motif_9 motif_9
letter-probability matrix: alength= 4 w= 24
0.114583 0.395833 0.250000 0.239583
0.093750 0.166667 0.302083 0.437500
0.114583 0.489583 0.125000 0.270833
0.260417 0.177083 0.302083 0.260417
0.281250 0.062500 0.218750 0.437500
0.031250 0.031250 0.020833 0.916667
0.010417 0.062500 0.031250 0.895833
0.083333 0.520833 0.041667 0.354167
0.822917 0.000000 0.135417 0.041667
0.968750 0.020833 0.000000 0.010417
0.843750 0.020833 0.093750 0.041667
0.395833 0.312500 0.072917 0.218750
0.291667 0.250000 0.156250 0.302083
0.135417 0.281250 0.333333 0.250000
0.197917 0.500000 0.208333 0.093750
0.114583 0.364583 0.343750 0.177083
0.104167 0.666667 0.104167 0.125000
0.145833 0.104167 0.635417 0.114583
0.104167 0.708333 0.145833 0.041667
0.104167 0.406250 0.302083 0.187500
0.177083 0.406250 0.322917 0.093750
0.177083 0.229167 0.312500 0.281250
0.208333 0.291667 0.375000 0.125000
0.072917 0.500000 0.302083 0.125000

MOTIF motif_6 motif_6
letter-probability matrix: alength= 4 w= 24
0.180428 0.370031 0.250765 0.198777
0.045872 0.299694 0.519878 0.134557
0.214067 0.162080 0.446483 0.177370
0.192661 0.232416 0.296636 0.278287
0.195719 0.162080 0.626911 0.015291
0.009174 0.143731 0.837920 0.009174
0.067278 0.816514 0.036697 0.079511
0.009174 0.012232 0.935780 0.042813
0.012232 0.394495 0.529052 0.064220
0.048930 0.217125 0.571865 0.162080
0.577982 0.113150 0.220183 0.088685
0.525994 0.103976 0.155963 0.214067
0.244648 0.235474 0.275229 0.244648
0.244648 0.140673 0.204893 0.409786
0.134557 0.214067 0.281346 0.370031
0.241590 0.269113 0.198777 0.290520
0.256881 0.262997 0.318043 0.162080
0.522936 0.140673 0.226300 0.110092
0.412844 0.229358 0.168196 0.189602
0.223242 0.318043 0.211009 0.247706
0.183486 0.250765 0.354740 0.211009
0.113150 0.553517 0.131498 0.201835
0.293578 0.214067 0.327217 0.165138
0.238532 0.259939 0.366972 0.134557

