MEME version 4

ALPHABET= ACGT

strands: + -

MOTIF motif_13 motif_13
letter-probability matrix: alength= 4 w= 24
0.145251 0.329609 0.296089 0.229050
0.301676 0.262570 0.229050 0.206704
0.296089 0.245810 0.290503 0.167598
0.329609 0.128492 0.251397 0.290503
0.251397 0.184358 0.251397 0.312849
0.167598 0.346369 0.212291 0.273743
0.284916 0.156425 0.184358 0.374302
0.279330 0.173184 0.067039 0.480447
0.072626 0.418994 0.469274 0.039106
0.005587 0.256983 0.720670 0.016760
0.044693 0.877095 0.016760 0.061453
0.000000 0.005587 0.977654 0.016760
0.011173 0.363128 0.581006 0.044693
0.128492 0.301676 0.547486 0.022346
0.687151 0.106145 0.162011 0.044693
0.525140 0.189944 0.256983 0.027933
0.424581 0.078212 0.296089 0.201117
0.318436 0.217877 0.357542 0.106145
0.240223 0.340782 0.201117 0.217877
0.217877 0.279330 0.279330 0.223464
0.178771 0.351955 0.290503 0.178771
0.111732 0.217877 0.553073 0.117318
0.094972 0.178771 0.553073 0.173184
0.167598 0.351955 0.318436 0.162011

