MEME version 4

ALPHABET= ACGT

strands: + -

MOTIF motif_1 motif_1
letter-probability matrix: alength= 4 w= 24
0.216216 0.317568 0.225225 0.240991
0.243243 0.288288 0.236486 0.231982
0.204955 0.283784 0.268018 0.243243
0.351351 0.177928 0.200450 0.270270
0.373874 0.083333 0.342342 0.200450
0.099099 0.281532 0.398649 0.220721
0.031532 0.198198 0.015766 0.754505
0.000000 0.997748 0.000000 0.002252
0.000000 0.842342 0.004505 0.153153
0.000000 0.979730 0.002252 0.018018
0.225225 0.346847 0.006757 0.421171
0.403153 0.015766 0.349099 0.231982
0.013514 0.002252 0.984234 0.000000
0.155405 0.002252 0.826577 0.015766
0.000000 0.004505 0.990991 0.004505
0.711712 0.031532 0.231982 0.024775
0.213964 0.470721 0.225225 0.090090
0.186937 0.313063 0.067568 0.432432
0.256757 0.200450 0.173423 0.369369
0.204955 0.283784 0.331081 0.180180
0.268018 0.238739 0.277027 0.216216
0.231982 0.240991 0.306306 0.220721
0.200450 0.234234 0.299550 0.265766
0.204955 0.238739 0.326577 0.229730

MOTIF motif_10 motif_10
letter-probability matrix: alength= 4 w= 24
0.226457 0.208520 0.262332 0.302691
0.280269 0.165919 0.255605 0.298206
0.143498 0.269058 0.381166 0.206278
0.217489 0.269058 0.300448 0.213004
0.233184 0.304933 0.197309 0.264574
0.253363 0.264574 0.257848 0.224215
0.219731 0.309417 0.257848 0.213004
0.248879 0.334081 0.161435 0.255605
0.186099 0.340807 0.244395 0.228700
0.262332 0.316143 0.248879 0.172646
0.300448 0.181614 0.197309 0.320628
0.414798 0.087444 0.378924 0.118834
0.078475 0.266816 0.331839 0.322870
0.015695 0.329596 0.082960 0.571749
0.004484 0.991031 0.000000 0.004484
0.040359 0.800448 0.011211 0.147982
0.020179 0.961883 0.002242 0.015695
0.293722 0.242152 0.026906 0.437220
0.311659 0.013453 0.482063 0.192825
0.031390 0.002242 0.923767 0.042601
0.105381 0.004484 0.887892 0.002242
0.020179 0.029148 0.939462 0.011211
0.674888 0.062780 0.183857 0.078475
0.204036 0.441704 0.230942 0.123318

