MEME version 4

ALPHABET= ACGT

strands: + -

MOTIF motif_1 motif_1
letter-probability matrix: alength= 4 w= 24
0.538462 0.041026 0.276923 0.143590
0.000000 0.928205 0.020513 0.051282
0.005128 0.000000 0.000000 0.994872
0.000000 0.000000 0.000000 1.000000
0.000000 1.000000 0.000000 0.000000
0.000000 1.000000 0.000000 0.000000
0.000000 0.005128 0.815385 0.179487
0.005128 0.194872 0.743590 0.056410
0.158974 0.179487 0.553846 0.107692
0.184615 0.123077 0.107692 0.584615
0.087179 0.302564 0.082051 0.528205
0.097436 0.451282 0.235897 0.215385
0.133333 0.271795 0.369231 0.225641
0.184615 0.251282 0.317949 0.246154
0.194872 0.292308 0.384615 0.128205
0.128205 0.312821 0.348718 0.210256
0.107692 0.364103 0.348718 0.179487
0.117949 0.384615 0.297436 0.200000
0.200000 0.420513 0.266667 0.112821
0.169231 0.312821 0.343590 0.174359
0.169231 0.384615 0.307692 0.138462
0.148718 0.271795 0.415385 0.164103
0.107692 0.307692 0.410256 0.174359
0.200000 0.369231 0.251282 0.179487

MOTIF motif_13 motif_13
letter-probability matrix: alength= 4 w= 24
0.061404 0.342105 0.407895 0.188596
0.122807 0.407895 0.425439 0.043860
0.043860 0.557018 0.263158 0.135965
0.429825 0.092105 0.377193 0.100877
0.057018 0.684211 0.144737 0.114035
0.184211 0.052632 0.013158 0.750000
0.144737 0.030702 0.035088 0.789474
0.021930 0.899123 0.039474 0.039474
0.004386 0.995614 0.000000 0.000000
0.100877 0.223684 0.530702 0.144737
0.030702 0.105263 0.833333 0.030702
0.092105 0.087719 0.758772 0.061404
0.561404 0.039474 0.074561 0.324561
0.495614 0.122807 0.105263 0.276316
0.105263 0.271930 0.491228 0.131579
0.214912 0.399123 0.175439 0.210526
0.153509 0.223684 0.394737 0.228070
0.188596 0.350877 0.324561 0.135965
0.149123 0.425439 0.302632 0.122807
0.175439 0.241228 0.407895 0.175439
0.057018 0.372807 0.464912 0.105263
0.285088 0.355263 0.250000 0.109649
0.232456 0.236842 0.390351 0.140351
0.206140 0.407895 0.250000 0.135965

MOTIF motif_11 motif_11
letter-probability matrix: alength= 4 w= 24
0.245399 0.331288 0.288344 0.134969
0.190184 0.159509 0.527607 0.122699
0.257669 0.282209 0.343558 0.116564
0.361963 0.153374 0.257669 0.226994
0.141104 0.276074 0.337423 0.245399
0.055215 0.392638 0.226994 0.325153
0.098160 0.674847 0.067485 0.159509
0.441718 0.061350 0.361963 0.134969
0.018405 0.736196 0.030675 0.214724
0.006135 0.055215 0.042945 0.895706
0.018405 0.030675 0.018405 0.932515
0.012270 0.963190 0.006135 0.018405
0.012270 0.950920 0.012270 0.024540
0.055215 0.042945 0.625767 0.276074
0.006135 0.226994 0.693252 0.073620
0.104294 0.202454 0.607362 0.085890
0.269939 0.233129 0.018405 0.478528
0.104294 0.177914 0.104294 0.613497
0.030675 0.460123 0.337423 0.171779
0.085890 0.435583 0.288344 0.190184
0.030675 0.325153 0.392638 0.251534
0.122699 0.355828 0.276074 0.245399
0.147239 0.331288 0.282209 0.239264
0.141104 0.282209 0.386503 0.190184

MOTIF motif_5 motif_5
letter-probability matrix: alength= 4 w= 24
0.179104 0.378109 0.263682 0.179104
0.129353 0.333333 0.417910 0.119403
0.114428 0.402985 0.323383 0.159204
0.218905 0.293532 0.358209 0.129353
0.184080 0.373134 0.298507 0.144279
0.298507 0.268657 0.383085 0.049751
0.472637 0.169154 0.243781 0.114428
0.587065 0.069652 0.194030 0.149254
0.094527 0.577114 0.228856 0.099502
0.039801 0.805970 0.154229 0.000000
0.258706 0.726368 0.009950 0.004975
0.000000 0.000000 1.000000 0.000000
0.000000 0.004975 0.995025 0.000000
1.000000 0.000000 0.000000 0.000000
0.990050 0.004975 0.000000 0.004975
0.049751 0.024876 0.925373 0.000000
0.124378 0.293532 0.054726 0.527363
0.189055 0.164179 0.547264 0.099502
0.134328 0.343284 0.457711 0.064677
0.233831 0.283582 0.363184 0.119403
0.194030 0.313433 0.313433 0.179104
0.159204 0.278607 0.457711 0.104478
0.179104 0.303483 0.363184 0.154229
0.139303 0.353234 0.343284 0.164179

MOTIF motif_6 motif_6
letter-probability matrix: alength= 4 w= 24
0.030837 0.392070 0.431718 0.145374
0.286344 0.251101 0.330396 0.132159
0.242291 0.295154 0.352423 0.110132
0.193833 0.458150 0.312775 0.035242
0.295154 0.325991 0.176211 0.202643
0.101322 0.198238 0.599119 0.101322
0.158590 0.449339 0.286344 0.105727
0.035242 0.370044 0.286344 0.308370
0.079295 0.392070 0.436123 0.092511
0.171806 0.506608 0.242291 0.079295
0.488987 0.092511 0.339207 0.079295
0.132159 0.700441 0.092511 0.074890
0.207048 0.030837 0.048458 0.713656
0.035242 0.356828 0.026432 0.581498
0.013216 0.841410 0.127753 0.017621
0.052863 0.907489 0.026432 0.013216
0.022026 0.017621 0.876652 0.083700
0.026432 0.242291 0.696035 0.035242
0.440529 0.136564 0.273128 0.149780
0.528634 0.061674 0.044053 0.365639
0.171806 0.132159 0.436123 0.259912
0.259912 0.220264 0.193833 0.325991
0.185022 0.220264 0.515419 0.079295
0.114537 0.167401 0.559471 0.158590

