MEME version 4

ALPHABET= ACGT

strands: + -

MOTIF motif_1 motif_1
letter-probability matrix: alength= 4 w= 24
0.500000 0.152632 0.289474 0.057895
0.021053 0.773684 0.073684 0.131579
0.015789 0.021053 0.068421 0.894737
0.026316 0.005263 0.026316 0.942105
0.015789 0.973684 0.010526 0.000000
0.000000 0.989474 0.000000 0.010526
0.005263 0.000000 0.800000 0.194737
0.021053 0.042105 0.763158 0.173684
0.221053 0.215789 0.131579 0.431579
0.226316 0.352632 0.221053 0.200000
0.094737 0.315789 0.389474 0.200000
0.152632 0.336842 0.236842 0.273684
0.131579 0.357895 0.326316 0.184211
0.194737 0.221053 0.368421 0.215789
0.189474 0.289474 0.347368 0.173684
0.142105 0.426316 0.226316 0.205263
0.215789 0.305263 0.300000 0.178947
0.231579 0.278947 0.278947 0.210526
0.273684 0.178947 0.336842 0.210526
0.257895 0.147368 0.405263 0.189474
0.205263 0.236842 0.368421 0.189474
0.242105 0.342105 0.194737 0.221053
0.231579 0.252632 0.310526 0.205263
0.231579 0.215789 0.368421 0.184211

MOTIF motif_11 motif_11
letter-probability matrix: alength= 4 w= 24
0.300885 0.159292 0.274336 0.265487
0.336283 0.123894 0.318584 0.221239
0.230088 0.150442 0.318584 0.300885
0.212389 0.460177 0.053097 0.274336
0.256637 0.292035 0.274336 0.176991
0.088496 0.221239 0.300885 0.389381
0.265487 0.433628 0.212389 0.088496
0.690265 0.053097 0.238938 0.017699
0.000000 0.805310 0.088496 0.106195
0.035398 0.026549 0.000000 0.938053
0.000000 0.026549 0.053097 0.920354
0.008850 0.973451 0.000000 0.017699
0.061947 0.884956 0.026549 0.026549
0.017699 0.000000 0.796460 0.185841
0.008850 0.159292 0.761062 0.070796
0.061947 0.212389 0.097345 0.628319
0.123894 0.309735 0.247788 0.318584
0.061947 0.292035 0.203540 0.442478
0.150442 0.380531 0.274336 0.194690
0.256637 0.274336 0.203540 0.265487
0.097345 0.274336 0.300885 0.327434
0.168142 0.336283 0.247788 0.247788
0.159292 0.176991 0.309735 0.353982
0.115044 0.309735 0.247788 0.327434

MOTIF motif_5 motif_5
letter-probability matrix: alength= 4 w= 24
0.203947 0.282895 0.315789 0.197368
0.250000 0.342105 0.236842 0.171053
0.203947 0.263158 0.269737 0.263158
0.171053 0.368421 0.322368 0.138158
0.203947 0.381579 0.230263 0.184211
0.151316 0.296053 0.434211 0.118421
0.302632 0.250000 0.289474 0.157895
0.328947 0.256579 0.322368 0.092105
0.407895 0.157895 0.394737 0.039474
0.046053 0.894737 0.052632 0.006579
0.125000 0.868421 0.000000 0.006579
0.000000 0.000000 1.000000 0.000000
0.013158 0.000000 0.980263 0.006579
1.000000 0.000000 0.000000 0.000000
0.986842 0.006579 0.000000 0.006579
0.111842 0.046053 0.835526 0.006579
0.078947 0.203947 0.039474 0.677632
0.138158 0.157895 0.565789 0.138158
0.243421 0.296053 0.328947 0.131579
0.217105 0.302632 0.315789 0.164474
0.125000 0.276316 0.434211 0.164474
0.203947 0.302632 0.322368 0.171053
0.243421 0.289474 0.256579 0.210526
0.250000 0.164474 0.335526 0.250000

MOTIF motif_10 motif_10
letter-probability matrix: alength= 4 w= 24
0.400000 0.317647 0.176471 0.105882
0.223529 0.105882 0.105882 0.564706
0.129412 0.094118 0.470588 0.305882
0.152941 0.305882 0.282353 0.258824
0.035294 0.941176 0.011765 0.011765
0.000000 0.905882 0.000000 0.094118
0.623529 0.023529 0.023529 0.329412
0.282353 0.047059 0.011765 0.658824
0.835294 0.011765 0.047059 0.105882
0.058824 0.070588 0.023529 0.847059
0.705882 0.000000 0.011765 0.282353
0.270588 0.000000 0.035294 0.694118
0.070588 0.000000 0.929412 0.000000
0.023529 0.047059 0.882353 0.047059
0.305882 0.152941 0.211765 0.329412
0.164706 0.576471 0.152941 0.105882
0.470588 0.117647 0.117647 0.294118
0.200000 0.117647 0.247059 0.435294
0.329412 0.188235 0.247059 0.235294
0.176471 0.423529 0.235294 0.164706
0.105882 0.400000 0.223529 0.270588
0.129412 0.200000 0.341176 0.329412
0.129412 0.223529 0.341176 0.305882
0.188235 0.411765 0.235294 0.164706

