MEME version 4

ALPHABET= ACGT

strands: + -

MOTIF motif_1 motif_1
letter-probability matrix: alength= 4 w= 24
0.133333 0.258333 0.125000 0.483333
0.200000 0.241667 0.416667 0.141667
0.166667 0.125000 0.216667 0.491667
0.150000 0.133333 0.550000 0.166667
0.000000 0.050000 0.000000 0.950000
0.008333 0.025000 0.966667 0.000000
0.950000 0.033333 0.000000 0.016667
0.016667 0.983333 0.000000 0.000000
0.000000 1.000000 0.000000 0.000000
0.000000 0.000000 0.000000 1.000000
0.008333 0.016667 0.000000 0.975000
0.000000 0.041667 0.950000 0.008333
0.508333 0.025000 0.441667 0.025000
0.233333 0.275000 0.458333 0.033333
0.216667 0.450000 0.166667 0.166667
0.475000 0.175000 0.183333 0.166667
0.400000 0.208333 0.191667 0.200000
0.191667 0.191667 0.425000 0.191667
0.250000 0.241667 0.158333 0.350000
0.141667 0.383333 0.208333 0.266667
0.450000 0.241667 0.133333 0.175000
0.250000 0.308333 0.216667 0.225000
0.191667 0.275000 0.175000 0.358333
0.241667 0.175000 0.241667 0.341667

MOTIF motif_2 motif_2
letter-probability matrix: alength= 4 w= 24
0.970803 0.000000 0.007299 0.021898
0.970803 0.007299 0.014599 0.007299
0.000000 0.000000 1.000000 0.000000
0.014599 0.014599 0.956204 0.014599
0.029197 0.000000 0.007299 0.963504
0.000000 0.905109 0.043796 0.051095
0.963504 0.000000 0.014599 0.021898
0.248175 0.481752 0.051095 0.218978
0.474453 0.167883 0.138686 0.218978
0.197080 0.299270 0.372263 0.131387
0.401460 0.175182 0.197080 0.226277
0.248175 0.255474 0.328467 0.167883
0.299270 0.299270 0.226277 0.175182
0.197080 0.350365 0.218978 0.233577
0.218978 0.248175 0.277372 0.255474
0.240876 0.189781 0.248175 0.321168
0.167883 0.211679 0.262774 0.357664
0.291971 0.167883 0.321168 0.218978
0.255474 0.291971 0.299270 0.153285
0.167883 0.321168 0.262774 0.248175
0.189781 0.211679 0.262774 0.335766
0.204380 0.153285 0.357664 0.284672
0.175182 0.182482 0.335766 0.306569
0.262774 0.328467 0.255474 0.153285

