MEME version 4

ALPHABET= ACGT

strands: + -

MOTIF motif_1 motif_1
letter-probability matrix: alength= 4 w= 24
0.144928 0.681159 0.028986 0.144928
0.391304 0.057971 0.463768 0.086957
0.318841 0.159420 0.463768 0.057971
0.072464 0.043478 0.695652 0.188406
0.000000 0.014493 0.913043 0.072464
0.072464 0.652174 0.202899 0.072464
0.463768 0.463768 0.043478 0.028986
0.000000 0.188406 0.014493 0.797101
0.043478 0.115942 0.579710 0.260870
0.130435 0.710145 0.115942 0.043478
0.014493 0.144928 0.014493 0.826087
0.000000 0.000000 1.000000 0.000000
0.000000 0.000000 1.000000 0.000000
0.057971 0.000000 0.927536 0.014493
0.927536 0.028986 0.028986 0.014493
0.289855 0.144928 0.521739 0.043478
0.202899 0.028986 0.000000 0.768116
0.000000 0.072464 0.028986 0.898551
0.000000 0.000000 1.000000 0.000000
0.043478 0.000000 0.028986 0.927536
0.985507 0.000000 0.000000 0.014493
0.000000 0.000000 0.971014 0.028986
0.000000 0.000000 0.000000 1.000000
0.043478 0.391304 0.028986 0.536232

MOTIF motif_8 motif_8
letter-probability matrix: alength= 4 w= 24
0.000000 1.000000 0.000000 0.000000
0.000000 0.000000 0.030303 0.969697
0.969697 0.000000 0.000000 0.030303
0.000000 0.969697 0.000000 0.030303
0.878788 0.090909 0.030303 0.000000
0.818182 0.000000 0.000000 0.181818
0.121212 0.303030 0.272727 0.303030
0.030303 0.181818 0.000000 0.787879
0.000000 0.969697 0.000000 0.030303
0.000000 0.969697 0.030303 0.000000
0.000000 1.000000 0.000000 0.000000
0.969697 0.000000 0.000000 0.030303
0.060606 0.030303 0.666667 0.242424
0.515152 0.212121 0.272727 0.000000
0.878788 0.000000 0.121212 0.000000
0.181818 0.090909 0.575758 0.151515
0.090909 0.363636 0.454545 0.090909
0.060606 0.787879 0.030303 0.121212
0.181818 0.515152 0.090909 0.212121
0.030303 0.606061 0.030303 0.333333
0.030303 0.454545 0.060606 0.454545
0.121212 0.000000 0.878788 0.000000
0.060606 0.363636 0.484848 0.090909
0.000000 0.000000 0.909091 0.090909

MOTIF motif_11 motif_11
letter-probability matrix: alength= 4 w= 24
0.102041 0.122449 0.551020 0.224490
0.081633 0.163265 0.571429 0.183673
0.142857 0.244898 0.285714 0.326531
0.285714 0.306122 0.224490 0.183673
0.510204 0.163265 0.163265 0.163265
0.346939 0.244898 0.122449 0.285714
0.142857 0.122449 0.714286 0.020408
0.448980 0.081633 0.428571 0.040816
0.857143 0.040816 0.061224 0.040816
0.040816 0.918367 0.020408 0.020408
0.000000 0.081633 0.040816 0.877551
0.816327 0.122449 0.020408 0.040816
0.040816 0.857143 0.061224 0.040816
0.734694 0.020408 0.183673 0.061224
0.367347 0.204082 0.163265 0.265306
0.081633 0.530612 0.061224 0.326531
0.040816 0.244898 0.020408 0.693878
0.020408 0.836735 0.020408 0.122449
0.000000 0.918367 0.040816 0.040816
0.020408 0.979592 0.000000 0.000000
0.551020 0.061224 0.326531 0.061224
0.040816 0.000000 0.897959 0.061224
0.183673 0.612245 0.122449 0.081633
0.408163 0.081633 0.510204 0.000000

MOTIF motif_5 motif_5
letter-probability matrix: alength= 4 w= 24
0.282051 0.371795 0.243590 0.102564
0.448718 0.217949 0.217949 0.115385
0.166667 0.525641 0.141026 0.166667
0.179487 0.346154 0.115385 0.358974
0.423077 0.230769 0.141026 0.205128
0.294872 0.448718 0.166667 0.089744
0.564103 0.064103 0.153846 0.217949
0.628205 0.128205 0.192308 0.051282
0.461538 0.192308 0.294872 0.051282
0.115385 0.589744 0.128205 0.166667
0.025641 0.884615 0.025641 0.064103
0.628205 0.166667 0.192308 0.012821
0.025641 0.871795 0.089744 0.012821
0.666667 0.012821 0.000000 0.320513
0.051282 0.012821 0.064103 0.871795
0.038462 0.794872 0.141026 0.025641
0.128205 0.705128 0.089744 0.076923
0.025641 0.038462 0.256410 0.679487
0.012821 0.089744 0.858974 0.038462
0.076923 0.551282 0.025641 0.346154
0.089744 0.371795 0.205128 0.333333
0.397436 0.141026 0.089744 0.371795
0.192308 0.217949 0.294872 0.294872
0.192308 0.141026 0.256410 0.410256

MOTIF motif_2 motif_2
letter-probability matrix: alength= 4 w= 24
0.256098 0.268293 0.243902 0.231707
0.268293 0.390244 0.219512 0.121951
0.158537 0.195122 0.219512 0.426829
0.231707 0.121951 0.609756 0.036585
0.231707 0.012195 0.621951 0.134146
0.231707 0.036585 0.707317 0.024390
0.841463 0.000000 0.134146 0.024390
0.878049 0.000000 0.109756 0.012195
0.146341 0.609756 0.073171 0.170732
0.048780 0.109756 0.000000 0.841463
0.512195 0.012195 0.439024 0.036585
0.024390 0.548780 0.036585 0.390244
0.914634 0.012195 0.060976 0.012195
0.268293 0.097561 0.475610 0.158537
0.048780 0.195122 0.085366 0.670732
0.024390 0.060976 0.024390 0.890244
0.012195 0.780488 0.048780 0.158537
0.048780 0.878049 0.048780 0.024390
0.048780 0.634146 0.195122 0.121951
0.487805 0.121951 0.304878 0.085366
0.048780 0.182927 0.560976 0.207317
0.158537 0.439024 0.353659 0.048780
0.414634 0.182927 0.231707 0.170732
0.060976 0.182927 0.390244 0.365854

MOTIF motif_6 motif_6
letter-probability matrix: alength= 4 w= 24
0.508065 0.048387 0.395161 0.048387
0.096774 0.701613 0.201613 0.000000
0.717742 0.282258 0.000000 0.000000
0.000000 0.000000 1.000000 0.000000
0.000000 0.000000 1.000000 0.000000
0.991935 0.000000 0.000000 0.008065
0.516129 0.024194 0.008065 0.451613
0.056452 0.008065 0.935484 0.000000
0.008065 0.161290 0.016129 0.814516
0.072581 0.088710 0.750000 0.088710
0.072581 0.129032 0.717742 0.080645
0.040323 0.241935 0.362903 0.354839
0.112903 0.233871 0.322581 0.330645
0.362903 0.129032 0.298387 0.209677
0.290323 0.241935 0.282258 0.185484
0.137097 0.250000 0.370968 0.241935
0.145161 0.258065 0.427419 0.169355
0.241935 0.290323 0.266129 0.201613
0.241935 0.241935 0.274194 0.241935
0.185484 0.201613 0.403226 0.209677
0.250000 0.274194 0.330645 0.145161
0.201613 0.217742 0.338710 0.241935
0.225806 0.250000 0.338710 0.185484
0.169355 0.233871 0.298387 0.298387

MOTIF motif_14 motif_14
letter-probability matrix: alength= 4 w= 24
0.203704 0.500000 0.203704 0.092593
0.250000 0.416667 0.148148 0.185185
0.240741 0.379630 0.222222 0.157407
0.250000 0.379630 0.101852 0.268519
0.314815 0.194444 0.342593 0.148148
0.351852 0.361111 0.222222 0.064815
0.083333 0.694444 0.185185 0.037037
0.027778 0.759259 0.148148 0.064815
0.824074 0.046296 0.120370 0.009259
0.000000 0.925926 0.018519 0.055556
0.342593 0.018519 0.027778 0.611111
0.009259 0.000000 0.000000 0.990741
0.000000 1.000000 0.000000 0.000000
0.009259 0.972222 0.000000 0.018519
0.000000 0.000000 0.333333 0.666667
0.000000 0.175926 0.740741 0.083333
0.055556 0.444444 0.074074 0.425926
0.046296 0.601852 0.129630 0.222222
0.157407 0.361111 0.240741 0.240741
0.148148 0.398148 0.268519 0.185185
0.203704 0.222222 0.250000 0.324074
0.222222 0.268519 0.416667 0.092593
0.185185 0.277778 0.296296 0.240741
0.157407 0.416667 0.231481 0.194444

