MEME version 4

ALPHABET= ACGT

strands: + -

MOTIF motif_1 motif_1
letter-probability matrix: alength= 4 w= 24
0.128342 0.518717 0.155080 0.197861
0.090909 0.433155 0.294118 0.181818
0.096257 0.513369 0.256684 0.133690
0.074866 0.379679 0.267380 0.278075
0.090909 0.368984 0.401070 0.139037
0.245989 0.368984 0.315508 0.069519
0.133690 0.465241 0.235294 0.165775
0.128342 0.534759 0.053476 0.283422
0.080214 0.278075 0.229947 0.411765
0.032086 0.663102 0.251337 0.053476
0.000000 0.342246 0.096257 0.561497
0.005348 0.288770 0.609626 0.096257
1.000000 0.000000 0.000000 0.000000
0.000000 0.010695 0.000000 0.989305
0.016043 0.000000 0.000000 0.983957
0.000000 0.000000 1.000000 0.000000
0.000000 0.000000 1.000000 0.000000
0.112299 0.620321 0.053476 0.213904
0.016043 0.395722 0.112299 0.475936
0.219251 0.203209 0.540107 0.037433
0.363636 0.229947 0.331551 0.074866
0.176471 0.304813 0.390374 0.128342
0.181818 0.245989 0.368984 0.203209
0.085561 0.443850 0.283422 0.187166

MOTIF motif_5 motif_5
letter-probability matrix: alength= 4 w= 24
0.245098 0.333333 0.250000 0.171569
0.303922 0.220588 0.323529 0.151961
0.215686 0.313725 0.392157 0.078431
0.186275 0.343137 0.274510 0.196078
0.171569 0.367647 0.279412 0.181373
0.093137 0.372549 0.245098 0.289216
0.039216 0.406863 0.264706 0.289216
0.475490 0.093137 0.397059 0.034314
0.289216 0.029412 0.558824 0.122549
0.000000 1.000000 0.000000 0.000000
0.000000 1.000000 0.000000 0.000000
0.985294 0.000000 0.000000 0.014706
0.995098 0.000000 0.004902 0.000000
0.000000 0.000000 0.000000 1.000000
0.117647 0.583333 0.259804 0.039216
0.725490 0.044118 0.220588 0.009804
0.102941 0.151961 0.710784 0.034314
0.475490 0.225490 0.225490 0.073529
0.323529 0.039216 0.470588 0.166667
0.137255 0.200980 0.426471 0.235294
0.166667 0.352941 0.328431 0.151961
0.176471 0.416667 0.299020 0.107843
0.220588 0.196078 0.377451 0.205882
0.107843 0.284314 0.455882 0.151961

MOTIF motif_10 motif_10
letter-probability matrix: alength= 4 w= 24
0.120192 0.245192 0.504808 0.129808
0.086538 0.408654 0.341346 0.163462
0.365385 0.331731 0.250000 0.052885
0.322115 0.158654 0.355769 0.163462
0.057692 0.341346 0.317308 0.283654
0.110577 0.245192 0.288462 0.355769
0.110577 0.153846 0.533654 0.201923
0.293269 0.206731 0.278846 0.221154
0.182692 0.221154 0.250000 0.346154
0.149038 0.336538 0.346154 0.168269
0.149038 0.312500 0.211538 0.326923
0.471154 0.091346 0.298077 0.139423
0.307692 0.350962 0.302885 0.038462
0.149038 0.437500 0.293269 0.120192
0.163462 0.307692 0.187500 0.341346
0.125000 0.197115 0.302885 0.375000
0.072115 0.485577 0.235577 0.206731
0.336538 0.163462 0.403846 0.096154
0.163462 0.086538 0.485577 0.264423
0.038462 0.822115 0.014423 0.125000
0.033654 0.918269 0.019231 0.028846
0.899038 0.014423 0.038462 0.048077
0.870192 0.000000 0.076923 0.052885
0.081731 0.019231 0.028846 0.870192

