MEME version 4

ALPHABET= ACGT

strands: + -

MOTIF motif_1 motif_1
letter-probability matrix: alength= 4 w= 24
0.172043 0.575269 0.096774 0.155914
0.827957 0.032258 0.123656 0.016129
0.000000 0.801075 0.059140 0.139785
0.010753 0.000000 0.010753 0.978495
0.000000 0.000000 0.000000 1.000000
0.000000 1.000000 0.000000 0.000000
0.000000 1.000000 0.000000 0.000000
0.005376 0.000000 0.494624 0.500000
0.016129 0.139785 0.720430 0.123656
0.075269 0.188172 0.161290 0.575269
0.032258 0.290323 0.241935 0.435484
0.102151 0.338710 0.182796 0.376344
0.198925 0.322581 0.225806 0.252688
0.123656 0.258065 0.370968 0.247312
0.215054 0.247312 0.344086 0.193548
0.225806 0.263441 0.225806 0.284946
0.225806 0.231183 0.317204 0.225806
0.123656 0.247312 0.365591 0.263441
0.263441 0.360215 0.215054 0.161290
0.247312 0.209677 0.182796 0.360215
0.247312 0.311828 0.225806 0.215054
0.225806 0.225806 0.284946 0.263441
0.139785 0.241935 0.370968 0.247312
0.258065 0.274194 0.209677 0.258065

MOTIF motif_13 motif_13
letter-probability matrix: alength= 4 w= 24
0.279412 0.073529 0.330882 0.316176
0.125000 0.477941 0.242647 0.154412
0.088235 0.485294 0.176471 0.250000
0.419118 0.102941 0.375000 0.102941
0.007353 0.852941 0.014706 0.125000
0.036765 0.022059 0.014706 0.926471
0.007353 0.000000 0.000000 0.992647
0.036765 0.926471 0.000000 0.036765
0.066176 0.897059 0.007353 0.029412
0.029412 0.000000 0.669118 0.301471
0.022059 0.014706 0.919118 0.044118
0.080882 0.220588 0.389706 0.308824
0.213235 0.198529 0.220588 0.367647
0.139706 0.367647 0.250000 0.242647
0.316176 0.161765 0.264706 0.257353
0.242647 0.242647 0.352941 0.161765
0.257353 0.183824 0.308824 0.250000
0.191176 0.316176 0.132353 0.360294
0.147059 0.389706 0.176471 0.286765
0.242647 0.316176 0.257353 0.183824
0.279412 0.404412 0.242647 0.073529
0.426471 0.220588 0.198529 0.154412
0.375000 0.161765 0.352941 0.110294
0.139706 0.176471 0.470588 0.213235

MOTIF motif_5 motif_5
letter-probability matrix: alength= 4 w= 24
0.172093 0.400000 0.306977 0.120930
0.186047 0.306977 0.297674 0.209302
0.260465 0.232558 0.297674 0.209302
0.097674 0.455814 0.330233 0.116279
0.213953 0.372093 0.186047 0.227907
0.097674 0.223256 0.474419 0.204651
0.237209 0.302326 0.381395 0.079070
0.451163 0.237209 0.195349 0.116279
0.395349 0.167442 0.293023 0.144186
0.074419 0.730233 0.158140 0.037209
0.302326 0.693023 0.004651 0.000000
0.013953 0.004651 0.972093 0.009302
0.004651 0.018605 0.972093 0.004651
0.925581 0.013953 0.023256 0.037209
0.874419 0.023256 0.037209 0.065116
0.097674 0.083721 0.776744 0.041860
0.060465 0.176744 0.172093 0.590698
0.190698 0.097674 0.483721 0.227907
0.251163 0.260465 0.400000 0.088372
0.213953 0.241860 0.320930 0.223256
0.079070 0.200000 0.437209 0.283721
0.255814 0.293023 0.316279 0.134884
0.246512 0.297674 0.241860 0.213953
0.227907 0.293023 0.325581 0.153488

MOTIF motif_2 motif_2
letter-probability matrix: alength= 4 w= 24
0.429553 0.216495 0.333333 0.020619
0.099656 0.711340 0.171821 0.017182
0.457045 0.450172 0.061856 0.030928
0.003436 0.020619 0.969072 0.006873
0.030928 0.024055 0.927835 0.017182
0.810997 0.044674 0.127148 0.017182
0.920962 0.024055 0.006873 0.048110
0.192440 0.202749 0.597938 0.006873
0.089347 0.250859 0.072165 0.587629
0.127148 0.082474 0.560137 0.230241
0.195876 0.223368 0.522337 0.058419
0.206186 0.316151 0.192440 0.285223
0.305842 0.161512 0.261168 0.271478
0.120275 0.223368 0.443299 0.213058
0.219931 0.199313 0.261168 0.319588
0.206186 0.357388 0.250859 0.185567
0.209622 0.274914 0.323024 0.192440
0.316151 0.216495 0.274914 0.192440
0.130584 0.309278 0.395189 0.164948
0.243986 0.185567 0.316151 0.254296
0.274914 0.247423 0.288660 0.189003
0.233677 0.261168 0.305842 0.199313
0.178694 0.371134 0.240550 0.209622
0.213058 0.189003 0.408935 0.189003

MOTIF motif_6 motif_6
letter-probability matrix: alength= 4 w= 24
0.434211 0.276316 0.223684 0.065789
0.210526 0.421053 0.236842 0.131579
0.631579 0.131579 0.078947 0.157895
0.184211 0.000000 0.657895 0.157895
0.105263 0.052632 0.789474 0.052632
0.894737 0.052632 0.026316 0.026316
0.486842 0.157895 0.223684 0.131579
0.184211 0.026316 0.776316 0.013158
0.052632 0.092105 0.039474 0.815789
0.065789 0.421053 0.447368 0.065789
0.842105 0.052632 0.092105 0.013158
0.013158 0.723684 0.118421 0.144737
0.368421 0.118421 0.105263 0.407895
0.105263 0.092105 0.065789 0.736842
0.105263 0.736842 0.065789 0.092105
0.342105 0.526316 0.078947 0.052632
0.092105 0.368421 0.157895 0.381579
0.223684 0.171053 0.302632 0.302632
0.092105 0.118421 0.315789 0.473684
0.302632 0.210526 0.118421 0.368421
0.210526 0.157895 0.434211 0.197368
0.157895 0.210526 0.289474 0.342105
0.157895 0.157895 0.355263 0.328947
0.105263 0.236842 0.342105 0.315789

