MEME version 4

ALPHABET= ACGT

strands: + -

MOTIF motif_1 motif_1
letter-probability matrix: alength= 4 w= 24
0.207921 0.237624 0.297030 0.257426
0.277228 0.366337 0.207921 0.148515
0.049505 0.059406 0.089109 0.801980
0.039604 0.079208 0.049505 0.831683
0.029703 0.950495 0.019802 0.000000
0.019802 0.188119 0.019802 0.772277
0.504950 0.009901 0.475248 0.009901
0.000000 0.009901 0.990099 0.000000
0.930693 0.019802 0.029703 0.019802
0.950495 0.009901 0.029703 0.009901
0.138614 0.198020 0.366337 0.297030
0.306931 0.148515 0.366337 0.178218
0.029703 0.029703 0.009901 0.930693
0.009901 0.009901 0.039604 0.940594
0.000000 0.980198 0.009901 0.009901
0.000000 0.118812 0.019802 0.861386
0.534653 0.009901 0.425743 0.029703
0.000000 0.019802 0.970297 0.009901
0.910891 0.009901 0.029703 0.049505
0.841584 0.029703 0.049505 0.079208
0.178218 0.336634 0.346535 0.138614
0.425743 0.158416 0.267327 0.148515
0.217822 0.099010 0.059406 0.623762
0.118812 0.069307 0.168317 0.643564

MOTIF motif_13 motif_13
letter-probability matrix: alength= 4 w= 24
0.442953 0.100671 0.340045 0.116331
0.062640 0.125280 0.729306 0.082774
0.664430 0.120805 0.087248 0.127517
0.653244 0.078300 0.125280 0.143177
0.252796 0.246085 0.248322 0.252796
0.237136 0.243848 0.279642 0.239374
0.051454 0.071588 0.046980 0.829978
0.038031 0.020134 0.049217 0.892617
0.004474 0.982103 0.011186 0.002237
0.004474 0.281879 0.020134 0.693512
0.724832 0.024609 0.248322 0.002237
0.000000 0.006711 0.991051 0.002237
0.908277 0.040268 0.031320 0.020134
0.825503 0.058166 0.035794 0.080537
0.234899 0.270694 0.246085 0.248322
0.335570 0.194631 0.243848 0.225951
0.154362 0.105145 0.080537 0.659955
0.089485 0.071588 0.111857 0.727069
0.078300 0.780761 0.082774 0.058166
0.107383 0.295302 0.105145 0.492170
0.369128 0.134228 0.304251 0.192394
0.129754 0.187919 0.467562 0.214765
0.413870 0.183445 0.210291 0.192394
0.371365 0.187919 0.221477 0.219239

MOTIF motif_5 motif_5
letter-probability matrix: alength= 4 w= 24
0.122857 0.202857 0.091429 0.582857
0.542857 0.037143 0.388571 0.031429
0.014286 0.017143 0.962857 0.005714
0.897143 0.020000 0.051429 0.031429
0.848571 0.022857 0.077143 0.051429
0.260000 0.271429 0.240000 0.228571
0.237143 0.185714 0.240000 0.337143
0.028571 0.025714 0.022857 0.922857
0.037143 0.020000 0.025714 0.917143
0.014286 0.962857 0.000000 0.022857
0.008571 0.308571 0.031429 0.651429
0.642857 0.031429 0.257143 0.068571
0.031429 0.034286 0.788571 0.145714
0.657143 0.051429 0.062857 0.228571
0.608571 0.117143 0.080000 0.194286
0.317143 0.220000 0.288571 0.174286
0.291429 0.265714 0.228571 0.214286
0.254286 0.214286 0.145714 0.385714
0.245714 0.191429 0.240000 0.322857
0.268571 0.374286 0.200000 0.157143
0.240000 0.251429 0.137143 0.371429
0.400000 0.197143 0.191429 0.211429
0.137143 0.185714 0.385714 0.291429
0.342857 0.148571 0.294286 0.214286

