MEME version 4

ALPHABET= ACGT

strands: + -

MOTIF motif_5 motif_5
letter-probability matrix: alength= 4 w= 24
0.229885 0.379310 0.206897 0.183908
0.126437 0.465517 0.298851 0.109195
0.063218 0.367816 0.327586 0.241379
0.120690 0.304598 0.298851 0.275862
0.097701 0.528736 0.241379 0.132184
0.293103 0.275862 0.206897 0.224138
0.086207 0.379310 0.298851 0.235632
0.126437 0.436782 0.143678 0.293103
0.224138 0.172414 0.333333 0.270115
0.097701 0.701149 0.051724 0.149425
0.017241 0.465517 0.045977 0.471264
0.224138 0.235632 0.459770 0.080460
0.965517 0.022989 0.011494 0.000000
0.051724 0.011494 0.034483 0.902299
0.028736 0.120690 0.063218 0.787356
0.074713 0.017241 0.850575 0.057471
0.022989 0.028736 0.925287 0.022989
0.149425 0.477011 0.224138 0.149425
0.074713 0.413793 0.212644 0.298851
0.247126 0.247126 0.425287 0.080460
0.247126 0.195402 0.396552 0.160920
0.103448 0.413793 0.344828 0.137931
0.189655 0.178161 0.390805 0.241379
0.137931 0.270115 0.471264 0.120690

MOTIF motif_9 motif_9
letter-probability matrix: alength= 4 w= 24
0.140845 0.450704 0.239437 0.169014
0.119718 0.436620 0.281690 0.161972
0.098592 0.302817 0.281690 0.316901
0.070423 0.492958 0.232394 0.204225
0.521127 0.133803 0.274648 0.070423
0.204225 0.007042 0.669014 0.119718
0.007042 0.873239 0.000000 0.119718
0.035211 0.922535 0.028169 0.014085
0.873239 0.042254 0.007042 0.077465
0.901408 0.028169 0.007042 0.063380
0.042254 0.028169 0.014085 0.915493
0.021127 0.661972 0.211268 0.105634
0.542254 0.147887 0.253521 0.056338
0.112676 0.330986 0.478873 0.077465
0.295775 0.373239 0.267606 0.063380
0.246479 0.105634 0.535211 0.112676
0.218310 0.302817 0.288732 0.190141
0.084507 0.443662 0.267606 0.204225
0.197183 0.429577 0.309859 0.063380
0.126761 0.274648 0.471831 0.126761
0.169014 0.464789 0.281690 0.084507
0.169014 0.323944 0.380282 0.126761
0.133803 0.161972 0.556338 0.147887
0.239437 0.246479 0.281690 0.232394

