MEME version 4

ALPHABET= ACGT

strands: + -

MOTIF motif_13 motif_13
letter-probability matrix: alength= 4 w= 24
0.303030 0.030303 0.121212 0.545455
0.090909 0.681818 0.075758 0.151515
0.378788 0.303030 0.166667 0.151515
0.181818 0.196970 0.060606 0.560606
0.212121 0.454545 0.106061 0.227273
0.772727 0.000000 0.030303 0.196970
0.363636 0.060606 0.439394 0.136364
0.378788 0.196970 0.181818 0.242424
0.090909 0.393939 0.454545 0.060606
0.318182 0.378788 0.045455 0.257576
0.893939 0.030303 0.015152 0.060606
0.060606 0.136364 0.803030 0.000000
0.106061 0.045455 0.378788 0.469697
0.348485 0.469697 0.075758 0.106061
0.378788 0.196970 0.181818 0.242424
0.484848 0.166667 0.166667 0.181818
0.212121 0.272727 0.378788 0.136364
0.439394 0.045455 0.045455 0.469697
0.136364 0.030303 0.651515 0.181818
0.121212 0.181818 0.409091 0.287879
0.242424 0.636364 0.075758 0.045455
0.742424 0.045455 0.196970 0.015152
0.363636 0.181818 0.242424 0.212121
0.136364 0.136364 0.560606 0.166667

MOTIF motif_11 motif_11
letter-probability matrix: alength= 4 w= 24
0.073684 0.242105 0.363158 0.321053
0.026316 0.015789 0.278947 0.678947
0.089474 0.568421 0.084211 0.257895
0.194737 0.263158 0.063158 0.478947
0.184211 0.363158 0.184211 0.268421
0.226316 0.094737 0.552632 0.126316
0.431579 0.115789 0.257895 0.194737
0.247368 0.015789 0.031579 0.705263
0.468421 0.073684 0.084211 0.373684
0.010526 0.000000 0.036842 0.952632
0.021053 0.247368 0.689474 0.042105
0.963158 0.015789 0.005263 0.015789
0.089474 0.389474 0.452632 0.068421
0.042105 0.031579 0.015789 0.910526
0.184211 0.394737 0.221053 0.200000
0.552632 0.184211 0.121053 0.142105
0.105263 0.300000 0.394737 0.200000
0.242105 0.389474 0.094737 0.273684
0.289474 0.373684 0.126316 0.210526
0.368421 0.189474 0.252632 0.189474
0.163158 0.236842 0.268421 0.331579
0.252632 0.210526 0.226316 0.310526
0.200000 0.273684 0.215789 0.310526
0.115789 0.184211 0.315789 0.384211

MOTIF motif_5 motif_5
letter-probability matrix: alength= 4 w= 24
0.02 0.46 0.43 0.09
0.29 0.04 0.00 0.67
0.01 0.36 0.13 0.50
0.02 0.09 0.02 0.87
0.01 0.98 0.01 0.00
0.94 0.00 0.05 0.01
0.02 0.20 0.58 0.20
0.05 0.01 0.00 0.94
0.08 0.00 0.00 0.92
0.00 0.72 0.01 0.27
0.04 0.65 0.10 0.21
0.22 0.26 0.24 0.28
0.07 0.55 0.22 0.16
0.42 0.04 0.02 0.52
0.21 0.20 0.13 0.46
0.13 0.34 0.02 0.51
0.14 0.28 0.21 0.37
0.25 0.20 0.22 0.33
0.19 0.33 0.31 0.17
0.17 0.19 0.36 0.28
0.31 0.14 0.21 0.34
0.14 0.31 0.24 0.31
0.15 0.25 0.18 0.42
0.21 0.17 0.25 0.37

MOTIF motif_2 motif_2
letter-probability matrix: alength= 4 w= 24
0.285714 0.219048 0.295238 0.200000
0.323810 0.200000 0.295238 0.180952
0.371429 0.133333 0.200000 0.295238
0.219048 0.209524 0.342857 0.228571
0.209524 0.276190 0.219048 0.295238
0.276190 0.247619 0.190476 0.285714
0.238095 0.238095 0.276190 0.247619
0.361905 0.200000 0.342857 0.095238
0.457143 0.104762 0.142857 0.295238
0.561905 0.152381 0.123810 0.161905
0.504762 0.066667 0.085714 0.342857
0.190476 0.133333 0.571429 0.104762
0.485714 0.114286 0.247619 0.152381
0.114286 0.095238 0.752381 0.038095
0.104762 0.000000 0.895238 0.000000
1.000000 0.000000 0.000000 0.000000
0.952381 0.019048 0.000000 0.028571
0.190476 0.523810 0.285714 0.000000
0.000000 0.085714 0.000000 0.914286
0.000000 0.000000 1.000000 0.000000
0.933333 0.009524 0.057143 0.000000
0.638095 0.047619 0.257143 0.057143
0.857143 0.038095 0.009524 0.095238
0.209524 0.447619 0.333333 0.009524

MOTIF motif_10 motif_10
letter-probability matrix: alength= 4 w= 24
0.136585 0.336585 0.302439 0.224390
0.121951 0.112195 0.165854 0.600000
0.273171 0.282927 0.175610 0.268293
0.165854 0.312195 0.175610 0.346341
0.190244 0.360976 0.175610 0.273171
0.317073 0.121951 0.385366 0.175610
0.390244 0.117073 0.204878 0.287805
0.307317 0.078049 0.175610 0.439024
0.570732 0.180488 0.073171 0.175610
0.029268 0.029268 0.004878 0.936585
0.009756 0.024390 0.863415 0.102439
0.995122 0.000000 0.000000 0.004878
0.043902 0.482927 0.458537 0.014634
0.004878 0.000000 0.000000 0.995122
0.102439 0.814634 0.078049 0.004878
0.887805 0.004878 0.058537 0.048780
0.200000 0.073171 0.204878 0.521951
0.419512 0.224390 0.053659 0.302439
0.282927 0.180488 0.214634 0.321951
0.165854 0.414634 0.175610 0.243902
0.292683 0.170732 0.302439 0.234146
0.385366 0.121951 0.297561 0.195122
0.273171 0.170732 0.336585 0.219512
0.541463 0.175610 0.151220 0.131707

