MEME version 4

ALPHABET= ACGT

strands: + -

MOTIF motif_13 motif_13
letter-probability matrix: alength= 4 w= 24
0.034483 0.017241 0.241379 0.706897
0.120690 0.086207 0.758621 0.034483
0.258621 0.155172 0.172414 0.413793
0.000000 0.000000 0.068966 0.931034
0.034483 0.241379 0.620690 0.103448
0.137931 0.051724 0.224138 0.586207
0.034483 0.051724 0.068966 0.844828
0.327586 0.137931 0.224138 0.310345
0.034483 0.293103 0.603448 0.068966
0.120690 0.051724 0.051724 0.775862
0.051724 0.000000 0.724138 0.224138
0.431034 0.068966 0.465517 0.034483
0.206897 0.017241 0.120690 0.655172
0.086207 0.120690 0.706897 0.086207
0.258621 0.155172 0.413793 0.172414
0.155172 0.068966 0.103448 0.672414
0.068966 0.000000 0.810345 0.120690
0.241379 0.034483 0.465517 0.258621
0.103448 0.120690 0.379310 0.396552
0.086207 0.103448 0.706897 0.103448
0.396552 0.068966 0.275862 0.258621
0.137931 0.017241 0.155172 0.689655
0.017241 0.017241 0.448276 0.517241
0.224138 0.086207 0.568966 0.120690

MOTIF motif_10 motif_10
letter-probability matrix: alength= 4 w= 24
0.200000 0.218182 0.090909 0.490909
0.327273 0.181818 0.036364 0.454545
0.054545 0.527273 0.054545 0.363636
0.581818 0.018182 0.090909 0.309091
0.127273 0.436364 0.054545 0.381818
0.090909 0.454545 0.163636 0.290909
0.618182 0.054545 0.290909 0.036364
0.145455 0.800000 0.036364 0.018182
0.236364 0.472727 0.090909 0.200000
0.436364 0.145455 0.090909 0.327273
0.109091 0.090909 0.381818 0.418182
0.381818 0.436364 0.127273 0.054545
0.690909 0.145455 0.054545 0.109091
0.000000 0.163636 0.200000 0.636364
0.090909 0.490909 0.254545 0.163636
0.472727 0.090909 0.181818 0.254545
0.163636 0.563636 0.218182 0.054545
0.072727 0.563636 0.054545 0.309091
0.836364 0.000000 0.127273 0.036364
0.345455 0.309091 0.036364 0.309091
0.000000 0.581818 0.363636 0.054545
0.945455 0.036364 0.018182 0.000000
0.181818 0.272727 0.109091 0.436364
0.127273 0.309091 0.054545 0.509091

