MEME version 4

ALPHABET= ACGT

strands: + -

MOTIF motif_1 motif_1
letter-probability matrix: alength= 4 w= 24
0.402174 0.177536 0.159420 0.260870
0.300725 0.184783 0.268116 0.246377
0.427536 0.253623 0.144928 0.173913
0.170290 0.021739 0.021739 0.786232
0.068841 0.177536 0.630435 0.123188
0.913043 0.014493 0.003623 0.068841
0.050725 0.340580 0.518116 0.090580
0.007246 0.003623 0.000000 0.989130
0.130435 0.862319 0.003623 0.003623
0.996377 0.000000 0.000000 0.003623
0.228261 0.021739 0.119565 0.630435
0.514493 0.108696 0.039855 0.336957
0.268116 0.134058 0.072464 0.525362
0.188406 0.376812 0.068841 0.365942
0.351449 0.108696 0.326087 0.213768
0.471014 0.101449 0.250000 0.177536
0.311594 0.065217 0.347826 0.275362
0.681159 0.108696 0.097826 0.112319
0.221014 0.315217 0.286232 0.177536
0.387681 0.126812 0.018116 0.467391
0.333333 0.094203 0.264493 0.307971
0.304348 0.246377 0.318841 0.130435
0.423913 0.137681 0.130435 0.307971
0.362319 0.115942 0.242754 0.278986

MOTIF motif_11 motif_11
letter-probability matrix: alength= 4 w= 24
0.256250 0.203125 0.259375 0.281250
0.306250 0.168750 0.209375 0.315625
0.287500 0.168750 0.221875 0.321875
0.315625 0.303125 0.165625 0.215625
0.309375 0.268750 0.137500 0.284375
0.315625 0.234375 0.290625 0.159375
0.343750 0.159375 0.150000 0.346875
0.300000 0.040625 0.221875 0.437500
0.434375 0.278125 0.112500 0.175000
0.050000 0.028125 0.009375 0.912500
0.012500 0.040625 0.643750 0.303125
0.965625 0.012500 0.009375 0.012500
0.050000 0.450000 0.378125 0.121875
0.050000 0.003125 0.015625 0.931250
0.253125 0.715625 0.018750 0.012500
0.987500 0.003125 0.006250 0.003125
0.262500 0.078125 0.065625 0.593750
0.531250 0.118750 0.043750 0.306250
0.412500 0.140625 0.096875 0.350000
0.196875 0.259375 0.181250 0.362500
0.193750 0.150000 0.359375 0.296875
0.490625 0.081250 0.168750 0.259375
0.290625 0.118750 0.381250 0.209375
0.609375 0.143750 0.090625 0.156250

MOTIF motif_5 motif_5
letter-probability matrix: alength= 4 w= 24
0.337662 0.194805 0.012987 0.454545
0.194805 0.116883 0.181818 0.506494
0.350649 0.324675 0.064935 0.259740
0.272727 0.350649 0.077922 0.298701
0.272727 0.116883 0.337662 0.272727
0.272727 0.181818 0.389610 0.155844
0.233766 0.246753 0.064935 0.454545
0.103896 0.285714 0.402597 0.207792
0.324675 0.259740 0.129870 0.285714
0.259740 0.259740 0.129870 0.350649
0.441558 0.064935 0.324675 0.168831
0.142857 0.402597 0.298701 0.155844
0.233766 0.506494 0.077922 0.181818
0.220779 0.064935 0.116883 0.597403
0.207792 0.337662 0.298701 0.155844
0.766234 0.012987 0.077922 0.142857
0.025974 0.103896 0.844156 0.025974
0.038961 0.025974 0.038961 0.896104
0.025974 0.740260 0.103896 0.129870
0.779221 0.012987 0.090909 0.116883
0.051948 0.207792 0.051948 0.688312
0.051948 0.077922 0.038961 0.831169
0.025974 0.025974 0.012987 0.935065
0.077922 0.610390 0.051948 0.259740

MOTIF motif_2 motif_2
letter-probability matrix: alength= 4 w= 24
0.391111 0.164444 0.186667 0.257778
0.413333 0.177778 0.173333 0.235556
0.431111 0.226667 0.111111 0.231111
0.408889 0.240000 0.137778 0.213333
0.333333 0.217778 0.164444 0.284444
0.293333 0.168889 0.200000 0.337778
0.346667 0.151111 0.217778 0.284444
0.328889 0.311111 0.168889 0.191111
0.480000 0.093333 0.164444 0.262222
0.177778 0.275556 0.266667 0.280000
0.097778 0.048889 0.155556 0.697778
0.133333 0.386667 0.075556 0.404444
0.106667 0.257778 0.066667 0.568889
0.173333 0.475556 0.084444 0.266667
0.311111 0.044444 0.480000 0.164444
0.484444 0.155556 0.182222 0.177778
0.413333 0.000000 0.066667 0.520000
0.706667 0.057778 0.008889 0.226667
0.004444 0.000000 0.000000 0.995556
0.004444 0.017778 0.911111 0.066667
0.991111 0.000000 0.008889 0.000000
0.160000 0.444444 0.328889 0.066667
0.048889 0.004444 0.017778 0.928889
0.217778 0.573333 0.164444 0.044444

