MEME version 4

ALPHABET= ACGT

strands: + -

MOTIF motif_1 motif_1
letter-probability matrix: alength= 4 w= 24
0.293040 0.234432 0.128205 0.344322
0.369963 0.153846 0.190476 0.285714
0.344322 0.252747 0.153846 0.249084
0.201465 0.168498 0.131868 0.498168
0.135531 0.168498 0.315018 0.380952
0.311355 0.161172 0.150183 0.377289
0.362637 0.227106 0.179487 0.230769
0.556777 0.051282 0.194139 0.197802
0.120879 0.194139 0.494505 0.190476
0.087912 0.058608 0.087912 0.765568
0.172161 0.135531 0.113553 0.578755
0.172161 0.113553 0.117216 0.597070
0.201465 0.512821 0.080586 0.205128
0.399267 0.157509 0.271062 0.172161
0.274725 0.153846 0.161172 0.410256
0.300366 0.043956 0.139194 0.516484
0.758242 0.069597 0.018315 0.153846
0.047619 0.007326 0.010989 0.934066
0.021978 0.076923 0.758242 0.142857
0.908425 0.036630 0.029304 0.025641
0.069597 0.644689 0.219780 0.065934
0.018315 0.014652 0.076923 0.890110
0.274725 0.531136 0.091575 0.102564
0.717949 0.073260 0.135531 0.073260

MOTIF motif_11 motif_11
letter-probability matrix: alength= 4 w= 24
0.177049 0.193443 0.311475 0.318033
0.147541 0.121311 0.114754 0.616393
0.301639 0.245902 0.085246 0.367213
0.167213 0.255738 0.085246 0.491803
0.229508 0.419672 0.173770 0.177049
0.445902 0.068852 0.265574 0.219672
0.413115 0.180328 0.177049 0.229508
0.360656 0.026230 0.186885 0.426230
0.554098 0.137705 0.114754 0.193443
0.006557 0.003279 0.013115 0.977049
0.000000 0.019672 0.803279 0.177049
0.983607 0.000000 0.003279 0.013115
0.039344 0.583607 0.337705 0.039344
0.013115 0.009836 0.000000 0.977049
0.173770 0.773770 0.022951 0.029508
0.918033 0.019672 0.039344 0.022951
0.127869 0.137705 0.236066 0.498361
0.324590 0.347541 0.095082 0.232787
0.298361 0.196721 0.124590 0.380328
0.236066 0.232787 0.150820 0.380328
0.285246 0.177049 0.200000 0.337705
0.347541 0.216393 0.140984 0.295082
0.383607 0.193443 0.157377 0.265574
0.295082 0.340984 0.157377 0.206557

MOTIF motif_5 motif_5
letter-probability matrix: alength= 4 w= 24
0.087912 0.159341 0.527473 0.225275
0.681319 0.115385 0.016484 0.186813
0.076923 0.456044 0.285714 0.181319
0.071429 0.010989 0.032967 0.884615
0.027473 0.758242 0.175824 0.038462
0.763736 0.038462 0.126374 0.071429
0.038462 0.010989 0.027473 0.923077
0.192308 0.148352 0.093407 0.565934
0.043956 0.065934 0.032967 0.857143
0.137363 0.439560 0.214286 0.208791
0.170330 0.109890 0.236264 0.483516
0.148352 0.065934 0.489011 0.296703
0.346154 0.126374 0.181319 0.346154
0.434066 0.131868 0.164835 0.269231
0.302198 0.302198 0.208791 0.186813
0.153846 0.208791 0.032967 0.604396
0.170330 0.060440 0.406593 0.362637
0.346154 0.269231 0.109890 0.274725
0.335165 0.417582 0.049451 0.197802
0.472527 0.186813 0.093407 0.247253
0.247253 0.087912 0.148352 0.516484
0.236264 0.291209 0.109890 0.362637
0.340659 0.087912 0.120879 0.450549
0.115385 0.307692 0.291209 0.285714

MOTIF motif_2 motif_2
letter-probability matrix: alength= 4 w= 24
0.302469 0.203704 0.191358 0.302469
0.364198 0.129630 0.253086 0.253086
0.302469 0.141975 0.209877 0.345679
0.271605 0.117284 0.259259 0.351852
0.185185 0.271605 0.160494 0.382716
0.277778 0.203704 0.104938 0.413580
0.259259 0.283951 0.154321 0.302469
0.290123 0.203704 0.191358 0.314815
0.561728 0.030864 0.197531 0.209877
0.080247 0.302469 0.407407 0.209877
0.055556 0.000000 0.043210 0.901235
0.061728 0.265432 0.055556 0.617284
0.012346 0.172840 0.049383 0.765432
0.154321 0.734568 0.018519 0.092593
0.598765 0.043210 0.253086 0.104938
0.419753 0.080247 0.216049 0.283951
0.432099 0.006173 0.061728 0.500000
0.691358 0.080247 0.006173 0.222222
0.000000 0.018519 0.006173 0.975309
0.012346 0.061728 0.814815 0.111111
1.000000 0.000000 0.000000 0.000000
0.086420 0.469136 0.407407 0.037037
0.061728 0.012346 0.043210 0.882716
0.314815 0.500000 0.135802 0.049383

MOTIF motif_10 motif_10
letter-probability matrix: alength= 4 w= 24
0.250000 0.218750 0.165179 0.366071
0.276786 0.156250 0.178571 0.388393
0.236607 0.205357 0.174107 0.383929
0.227679 0.330357 0.196429 0.245536
0.334821 0.191964 0.218750 0.254464
0.281250 0.183036 0.330357 0.205357
0.348214 0.187500 0.116071 0.348214
0.245536 0.111607 0.366071 0.276786
0.450893 0.250000 0.156250 0.142857
0.116071 0.080357 0.026786 0.776786
0.040179 0.098214 0.620536 0.241071
0.928571 0.004464 0.026786 0.040179
0.035714 0.388393 0.526786 0.049107
0.008929 0.000000 0.004464 0.986607
0.098214 0.879464 0.022321 0.000000
0.991071 0.004464 0.004464 0.000000
0.116071 0.017857 0.040179 0.825893
0.544643 0.098214 0.017857 0.339286
0.258929 0.223214 0.066964 0.450893
0.205357 0.357143 0.058036 0.379464
0.227679 0.093750 0.473214 0.205357
0.562500 0.080357 0.187500 0.169643
0.424107 0.080357 0.294643 0.200893
0.754464 0.116071 0.022321 0.107143

