MEME version 4

ALPHABET= ACGT

strands: + -

MOTIF motif_1 motif_1
letter-probability matrix: alength= 4 w= 24
0.180556 0.222222 0.263889 0.333333
0.430556 0.000000 0.000000 0.569444
0.083333 0.138889 0.347222 0.430556
0.055556 0.694444 0.000000 0.250000
0.166667 0.444444 0.041667 0.347222
0.208333 0.416667 0.111111 0.263889
0.000000 0.097222 0.013889 0.888889
0.111111 0.472222 0.291667 0.125000
0.125000 0.750000 0.083333 0.041667
0.361111 0.041667 0.166667 0.430556
0.041667 0.000000 0.958333 0.000000
0.208333 0.166667 0.250000 0.375000
0.444444 0.013889 0.375000 0.166667
0.166667 0.083333 0.375000 0.375000
0.458333 0.027778 0.416667 0.097222
0.652778 0.180556 0.125000 0.041667
0.444444 0.180556 0.333333 0.041667
0.055556 0.250000 0.138889 0.555556
0.291667 0.097222 0.041667 0.569444
0.152778 0.638889 0.000000 0.208333
0.000000 0.347222 0.013889 0.638889
0.013889 0.402778 0.027778 0.555556
0.083333 0.250000 0.083333 0.583333
0.166667 0.250000 0.375000 0.208333

