MEME version 4

ALPHABET= ACGT

strands: + -

MOTIF motif_1 motif_1
letter-probability matrix: alength= 4 w= 24
0.568584 0.033186 0.057522 0.340708
0.486726 0.039823 0.039823 0.433628
0.307522 0.183628 0.126106 0.382743
0.073009 0.037611 0.015487 0.873894
0.013274 0.030973 0.951327 0.004425
0.088496 0.876106 0.000000 0.035398
0.068584 0.079646 0.002212 0.849558
0.095133 0.022124 0.789823 0.092920
0.862832 0.024336 0.033186 0.079646
0.061947 0.415929 0.464602 0.057522
0.073009 0.022124 0.008850 0.896018
0.088496 0.814159 0.015487 0.081858
0.869469 0.004425 0.068584 0.057522
0.057522 0.002212 0.820796 0.119469
0.006637 0.966814 0.019912 0.006637
0.851770 0.022124 0.048673 0.077434
0.391593 0.148230 0.159292 0.300885
0.411504 0.057522 0.053097 0.477876
0.311947 0.053097 0.059735 0.575221
0.298673 0.141593 0.053097 0.506637
0.179204 0.172566 0.128319 0.519912
0.250000 0.207965 0.210177 0.331858
0.300885 0.157080 0.219027 0.323009
0.325221 0.179204 0.243363 0.252212

MOTIF motif_11 motif_11
letter-probability matrix: alength= 4 w= 24
0.328452 0.194561 0.169456 0.307531
0.315900 0.194561 0.184100 0.305439
0.284519 0.198745 0.205021 0.311715
0.307531 0.200837 0.205021 0.286611
0.387029 0.188285 0.163180 0.261506
0.487448 0.129707 0.165272 0.217573
0.495816 0.054393 0.169456 0.280335
0.564854 0.035565 0.052301 0.347280
0.476987 0.033473 0.041841 0.447699
0.301255 0.179916 0.121339 0.397490
0.071130 0.035565 0.010460 0.882845
0.010460 0.020921 0.966527 0.002092
0.085774 0.889121 0.000000 0.025105
0.069038 0.075314 0.002092 0.853556
0.089958 0.016736 0.790795 0.102510
0.870293 0.023013 0.033473 0.073222
0.060669 0.428870 0.451883 0.058577
0.083682 0.027197 0.037657 0.851464
0.087866 0.765690 0.012552 0.133891
0.845188 0.039749 0.069038 0.046025
0.102510 0.000000 0.792887 0.104603
0.004184 0.918410 0.062762 0.014644
0.801255 0.073222 0.054393 0.071130
0.424686 0.133891 0.156904 0.284519

MOTIF motif_5 motif_5
letter-probability matrix: alength= 4 w= 24
0.327402 0.231317 0.106762 0.334520
0.366548 0.170819 0.163701 0.298932
0.224199 0.181495 0.306050 0.288256
0.295374 0.231317 0.231317 0.241993
0.380783 0.227758 0.174377 0.217082
0.558719 0.085409 0.156584 0.199288
0.576512 0.032028 0.135231 0.256228
0.601423 0.014235 0.053381 0.330961
0.462633 0.042705 0.042705 0.451957
0.320285 0.138790 0.103203 0.437722
0.092527 0.049822 0.124555 0.733096
0.024911 0.128114 0.832740 0.014235
0.081851 0.779359 0.010676 0.128114
0.120996 0.120996 0.074733 0.683274
0.252669 0.024911 0.622776 0.099644
0.683274 0.106762 0.081851 0.128114
0.124555 0.209964 0.637011 0.028470
0.007117 0.000000 0.003559 0.989324
0.085409 0.903915 0.003559 0.007117
0.992883 0.003559 0.000000 0.003559
0.000000 0.003559 0.893238 0.103203
0.000000 0.985765 0.007117 0.007117
0.868327 0.010676 0.053381 0.067616
0.362989 0.131673 0.217082 0.288256

MOTIF motif_2 motif_2
letter-probability matrix: alength= 4 w= 24
0.319588 0.134021 0.216495 0.329897
0.371134 0.144330 0.319588 0.164948
0.345361 0.159794 0.273196 0.221649
0.226804 0.195876 0.237113 0.340206
0.309278 0.216495 0.154639 0.319588
0.376289 0.164948 0.195876 0.262887
0.242268 0.154639 0.314433 0.288660
0.314433 0.237113 0.283505 0.164948
0.252577 0.237113 0.237113 0.273196
0.432990 0.164948 0.211340 0.190722
0.536082 0.067010 0.216495 0.180412
0.474227 0.072165 0.293814 0.159794
0.783505 0.041237 0.046392 0.128866
0.659794 0.025773 0.061856 0.252577
0.242268 0.159794 0.149485 0.448454
0.051546 0.010309 0.025773 0.912371
0.015464 0.010309 0.969072 0.005155
0.046392 0.922680 0.005155 0.025773
0.020619 0.010309 0.005155 0.963918
0.005155 0.015464 0.969072 0.010309
0.953608 0.010309 0.005155 0.030928
0.056701 0.505155 0.335052 0.103093
0.134021 0.030928 0.041237 0.793814
0.077320 0.737113 0.030928 0.154639

