MEME version 4

ALPHABET= ACGT

strands: + -

MOTIF motif_2 motif_2
letter-probability matrix: alength= 4 w= 24
0.193237 0.333333 0.304348 0.169082
0.166667 0.429952 0.270531 0.132850
0.214976 0.224638 0.408213 0.152174
0.246377 0.256039 0.379227 0.118357
0.181159 0.461353 0.292271 0.065217
0.019324 0.973430 0.007246 0.000000
0.886473 0.002415 0.057971 0.053140
0.000000 0.898551 0.002415 0.099034
0.065217 0.004831 0.929952 0.000000
0.050725 0.072464 0.009662 0.867150
0.000000 0.007246 0.983092 0.009662
0.082126 0.231884 0.521739 0.164251
0.128019 0.342995 0.239130 0.289855
0.106280 0.393720 0.265700 0.234300
0.173913 0.384058 0.256039 0.185990
0.120773 0.292271 0.347826 0.239130
0.149758 0.342995 0.357488 0.149758
0.161836 0.289855 0.376812 0.171498
0.161836 0.330918 0.299517 0.207729
0.178744 0.287440 0.379227 0.154589
0.193237 0.333333 0.355072 0.118357
0.212560 0.268116 0.362319 0.157005
0.200483 0.388889 0.260870 0.149758
0.154589 0.340580 0.338164 0.166667

MOTIF motif_10 motif_10
letter-probability matrix: alength= 4 w= 24
0.223602 0.341615 0.316770 0.118012
0.195652 0.475155 0.226708 0.102484
0.239130 0.313665 0.295031 0.152174
0.189441 0.220497 0.515528 0.074534
0.127329 0.503106 0.204969 0.164596
0.009317 0.975155 0.006211 0.009317
0.779503 0.015528 0.155280 0.049689
0.000000 0.956522 0.000000 0.043478
0.040373 0.024845 0.919255 0.015528
0.136646 0.034161 0.015528 0.813665
0.043478 0.009317 0.909938 0.037267
0.074534 0.332298 0.503106 0.090062
0.180124 0.447205 0.195652 0.177019
0.152174 0.267081 0.453416 0.127329
0.121118 0.372671 0.397516 0.108696
0.183230 0.350932 0.326087 0.139752
0.276398 0.363354 0.263975 0.096273
0.220497 0.288820 0.360248 0.130435
0.192547 0.301242 0.375776 0.130435
0.232919 0.204969 0.381988 0.180124
0.158385 0.332298 0.453416 0.055901
0.198758 0.313665 0.273292 0.214286
0.226708 0.251553 0.375776 0.145963
0.139752 0.437888 0.195652 0.226708

MOTIF motif_6 motif_6
letter-probability matrix: alength= 4 w= 24
0.229560 0.364780 0.257862 0.147799
0.191824 0.418239 0.242138 0.147799
0.040881 0.553459 0.279874 0.125786
0.320755 0.248428 0.295597 0.135220
0.078616 0.389937 0.430818 0.100629
0.119497 0.396226 0.367925 0.116352
0.201258 0.273585 0.323899 0.201258
0.207547 0.078616 0.503145 0.210692
0.072327 0.566038 0.270440 0.091195
0.050314 0.908805 0.034591 0.006289
0.632075 0.012579 0.216981 0.138365
0.006289 0.795597 0.132075 0.066038
0.157233 0.056604 0.783019 0.003145
0.034591 0.119497 0.006289 0.839623
0.003145 0.006289 0.968553 0.022013
0.037736 0.537736 0.270440 0.154088
0.216981 0.094340 0.374214 0.314465
0.122642 0.474843 0.261006 0.141509
0.157233 0.305031 0.402516 0.135220
0.119497 0.320755 0.405660 0.154088
0.119497 0.317610 0.374214 0.188679
0.166667 0.393082 0.229560 0.210692
0.283019 0.286164 0.355346 0.075472
0.283019 0.393082 0.204403 0.119497

