MEME version 4

ALPHABET= ACGT

strands: + -

MOTIF motif_1 motif_1
letter-probability matrix: alength= 4 w= 24
0.386076 0.113924 0.265823 0.234177
0.259494 0.303797 0.177215 0.259494
0.386076 0.056962 0.139241 0.417722
0.094937 0.044304 0.417722 0.443038
0.056962 0.765823 0.031646 0.145570
0.006329 0.082278 0.000000 0.911392
0.917722 0.012658 0.044304 0.025316
0.031646 0.012658 0.000000 0.955696
0.037975 0.018987 0.012658 0.930380
0.006329 0.031646 0.012658 0.949367
0.120253 0.120253 0.025316 0.734177
0.113924 0.063291 0.107595 0.715190
0.481013 0.000000 0.518987 0.000000
0.082278 0.075949 0.696203 0.145570
0.367089 0.348101 0.151899 0.132911
0.246835 0.297468 0.094937 0.360759
0.221519 0.265823 0.107595 0.405063
0.297468 0.151899 0.246835 0.303797
0.202532 0.322785 0.189873 0.284810
0.196203 0.164557 0.234177 0.405063
0.253165 0.120253 0.386076 0.240506
0.310127 0.189873 0.164557 0.335443
0.246835 0.132911 0.259494 0.360759
0.215190 0.183544 0.189873 0.411392

MOTIF motif_13 motif_13
letter-probability matrix: alength= 4 w= 24
0.300847 0.101695 0.186441 0.411017
0.169492 0.122881 0.317797 0.389831
0.097458 0.783898 0.025424 0.093220
0.000000 0.500000 0.000000 0.500000
0.711864 0.084746 0.025424 0.177966
0.703390 0.008475 0.080508 0.207627
0.834746 0.004237 0.038136 0.122881
0.843220 0.000000 0.000000 0.156780
0.826271 0.000000 0.004237 0.169492
0.004237 0.000000 0.000000 0.995763
0.961864 0.000000 0.021186 0.016949
0.165254 0.021186 0.783898 0.029661
0.411017 0.385593 0.088983 0.114407
0.389831 0.262712 0.076271 0.271186
0.326271 0.228814 0.114407 0.330508
0.224576 0.275424 0.156780 0.343220
0.199153 0.152542 0.237288 0.411017
0.292373 0.161017 0.266949 0.279661
0.305085 0.169492 0.216102 0.309322
0.241525 0.245763 0.250000 0.262712
0.279661 0.194915 0.207627 0.317797
0.279661 0.211864 0.186441 0.322034
0.330508 0.203390 0.161017 0.305085
0.262712 0.186441 0.173729 0.377119

MOTIF motif_2 motif_2
letter-probability matrix: alength= 4 w= 24
0.098214 0.169643 0.455357 0.276786
0.133929 0.616071 0.044643 0.205357
0.071429 0.669643 0.026786 0.232143
0.526786 0.080357 0.044643 0.348214
0.758929 0.000000 0.205357 0.035714
0.785714 0.053571 0.089286 0.071429
0.991071 0.000000 0.008929 0.000000
0.839286 0.071429 0.044643 0.044643
0.116071 0.035714 0.026786 0.821429
0.955357 0.008929 0.017857 0.017857
0.196429 0.008929 0.758929 0.035714
0.571429 0.303571 0.053571 0.071429
0.544643 0.214286 0.071429 0.169643
0.214286 0.285714 0.107143 0.392857
0.142857 0.348214 0.062500 0.446429
0.276786 0.178571 0.321429 0.223214
0.419643 0.107143 0.241071 0.232143
0.098214 0.473214 0.232143 0.196429
0.223214 0.151786 0.169643 0.455357
0.169643 0.160714 0.401786 0.267857
0.428571 0.107143 0.214286 0.250000
0.303571 0.330357 0.223214 0.142857
0.160714 0.250000 0.267857 0.321429
0.205357 0.214286 0.241071 0.339286

MOTIF motif_10 motif_10
letter-probability matrix: alength= 4 w= 24
0.299296 0.172535 0.242958 0.285211
0.355634 0.088028 0.250000 0.306338
0.274648 0.045775 0.267606 0.411972
0.144366 0.038732 0.362676 0.454225
0.035211 0.714789 0.045775 0.204225
0.000000 0.042254 0.003521 0.954225
0.971831 0.000000 0.003521 0.024648
0.278169 0.000000 0.003521 0.718310
0.299296 0.007042 0.000000 0.693662
0.242958 0.010563 0.000000 0.746479
0.306338 0.102113 0.028169 0.563380
0.119718 0.021127 0.088028 0.771127
0.584507 0.007042 0.401408 0.007042
0.098592 0.045775 0.757042 0.098592
0.461268 0.334507 0.077465 0.126761
0.514085 0.186620 0.059859 0.239437
0.309859 0.285211 0.186620 0.218310
0.260563 0.200704 0.133803 0.404930
0.274648 0.183099 0.257042 0.285211
0.278169 0.137324 0.239437 0.345070
0.295775 0.126761 0.345070 0.232394
0.271127 0.218310 0.260563 0.250000
0.235915 0.190141 0.246479 0.327465
0.302817 0.221831 0.204225 0.271127

