MEME version 4

ALPHABET= ACGT

strands: + -

MOTIF motif_1 motif_1
letter-probability matrix: alength= 4 w= 24
0.273885 0.337580 0.226115 0.162420
0.544586 0.114650 0.140127 0.200637
0.216561 0.350318 0.184713 0.248408
0.213376 0.302548 0.156051 0.328025
0.353503 0.140127 0.302548 0.203822
0.363057 0.162420 0.305732 0.168790
0.044586 0.503185 0.264331 0.187898
0.025478 0.531847 0.009554 0.433121
0.022293 0.901274 0.019108 0.057325
0.089172 0.550955 0.057325 0.302548
0.066879 0.777070 0.114650 0.041401
0.213376 0.159236 0.079618 0.547771
0.054140 0.044586 0.687898 0.213376
0.076433 0.025478 0.837580 0.060510
0.060510 0.031847 0.888535 0.019108
0.152866 0.066879 0.707006 0.073248
0.585987 0.085987 0.216561 0.111465
0.159236 0.464968 0.111465 0.264331
0.321656 0.391720 0.028662 0.257962
0.289809 0.401274 0.098726 0.210191
0.312102 0.101911 0.452229 0.133758
0.171975 0.251592 0.292994 0.283439
0.159236 0.328025 0.226115 0.286624
0.187898 0.238854 0.321656 0.251592

MOTIF motif_12 motif_12
letter-probability matrix: alength= 4 w= 24
0.225951 0.230425 0.331096 0.212528
0.221477 0.255034 0.284116 0.239374
0.194631 0.243848 0.326622 0.234899
0.237136 0.246085 0.288591 0.228188
0.237136 0.284116 0.230425 0.248322
0.199105 0.322148 0.243848 0.234899
0.208054 0.315436 0.203579 0.272931
0.243848 0.268456 0.243848 0.243848
0.181208 0.302013 0.310962 0.205817
0.375839 0.158837 0.201342 0.263982
0.416107 0.069351 0.335570 0.178971
0.140940 0.217002 0.400447 0.241611
0.031320 0.205817 0.040268 0.722595
0.000000 0.997763 0.002237 0.000000
0.008949 0.812081 0.000000 0.178971
0.004474 0.979866 0.000000 0.015660
0.317673 0.364653 0.020134 0.297539
0.326622 0.024609 0.322148 0.326622
0.008949 0.000000 0.991051 0.000000
0.181208 0.000000 0.812081 0.006711
0.002237 0.002237 0.993289 0.002237
0.776286 0.029083 0.158837 0.035794
0.185682 0.465324 0.259508 0.089485
0.210291 0.326622 0.091723 0.371365

MOTIF motif_10 motif_10
letter-probability matrix: alength= 4 w= 24
0.383220 0.204082 0.145125 0.267574
0.390023 0.079365 0.315193 0.215420
0.092971 0.222222 0.455782 0.229025
0.009070 0.131519 0.031746 0.827664
0.004535 0.979592 0.002268 0.013605
0.004535 0.839002 0.004535 0.151927
0.000000 0.990930 0.002268 0.006803
0.267574 0.380952 0.011338 0.340136
0.310658 0.074830 0.278912 0.335601
0.045351 0.004535 0.938776 0.011338
0.217687 0.006803 0.759637 0.015873
0.002268 0.000000 0.961451 0.036281
0.623583 0.043084 0.272109 0.061224
0.163265 0.464853 0.276644 0.095238
0.249433 0.297052 0.077098 0.376417
0.185941 0.249433 0.199546 0.365079
0.233560 0.247166 0.265306 0.253968
0.265306 0.213152 0.294785 0.226757
0.231293 0.201814 0.294785 0.272109
0.260771 0.233560 0.308390 0.197279
0.244898 0.165533 0.346939 0.242630
0.206349 0.269841 0.306122 0.217687
0.192744 0.335601 0.217687 0.253968
0.224490 0.229025 0.272109 0.274376

MOTIF motif_14 motif_14
letter-probability matrix: alength= 4 w= 24
0.014235 0.914591 0.039146 0.032028
0.035587 0.651246 0.042705 0.270463
0.014235 0.925267 0.039146 0.021352
0.277580 0.249110 0.060498 0.412811
0.284698 0.028470 0.405694 0.281139
0.007117 0.003559 0.960854 0.028470
0.056940 0.035587 0.900356 0.007117
0.035587 0.032028 0.911032 0.021352
0.854093 0.078292 0.042705 0.024911
0.302491 0.373665 0.270463 0.053381
0.185053 0.213523 0.103203 0.498221
0.217082 0.110320 0.181495 0.491103
0.163701 0.355872 0.370107 0.110320
0.306050 0.274021 0.195730 0.224199
0.263345 0.227758 0.231317 0.277580
0.231317 0.202847 0.370107 0.195730
0.224199 0.156584 0.313167 0.306050
0.209964 0.366548 0.185053 0.238434
0.103203 0.355872 0.277580 0.263345
0.252669 0.377224 0.088968 0.281139
0.309609 0.402135 0.081851 0.206406
0.241993 0.398577 0.206406 0.153025
0.185053 0.306050 0.274021 0.234875
0.185053 0.398577 0.170819 0.245552

