MEME version 4

ALPHABET= ACGT

strands: + -

MOTIF motif_12 motif_12
letter-probability matrix: alength= 4 w= 24
0.180412 0.335052 0.329897 0.154639
0.494845 0.252577 0.103093 0.149485
0.103093 0.072165 0.422680 0.402062
0.144330 0.242268 0.221649 0.391753
0.046392 0.515464 0.139175 0.298969
0.185567 0.309278 0.030928 0.474227
0.494845 0.061856 0.036082 0.407216
0.139175 0.056701 0.015464 0.788660
0.020619 0.010309 0.025773 0.943299
0.005155 0.010309 0.025773 0.958763
0.087629 0.278351 0.097938 0.536082
0.298969 0.123711 0.097938 0.479381
0.283505 0.046392 0.644330 0.025773
0.237113 0.041237 0.592784 0.128866
0.226804 0.453608 0.067010 0.252577
0.221649 0.242268 0.139175 0.396907
0.237113 0.458763 0.108247 0.195876
0.164948 0.335052 0.164948 0.335052
0.453608 0.087629 0.185567 0.273196
0.190722 0.067010 0.438144 0.304124
0.159794 0.134021 0.417526 0.288660
0.237113 0.170103 0.242268 0.350515
0.288660 0.067010 0.432990 0.211340
0.170103 0.329897 0.103093 0.396907

MOTIF motif_8 motif_8
letter-probability matrix: alength= 4 w= 24
0.276243 0.364641 0.110497 0.248619
0.209945 0.055249 0.099448 0.635359
0.121547 0.093923 0.215470 0.569061
0.077348 0.790055 0.016575 0.116022
0.055249 0.370166 0.011050 0.563536
0.563536 0.077348 0.220994 0.138122
0.436464 0.088398 0.270718 0.204420
0.812155 0.055249 0.082873 0.049724
0.723757 0.060773 0.060773 0.154696
0.839779 0.088398 0.038674 0.033149
0.082873 0.060773 0.011050 0.845304
0.502762 0.005525 0.491713 0.000000
0.248619 0.088398 0.552486 0.110497
0.204420 0.441989 0.237569 0.116022
0.138122 0.193370 0.160221 0.508287
0.254144 0.331492 0.154696 0.259669
0.386740 0.226519 0.132597 0.254144
0.425414 0.077348 0.441989 0.055249
0.419890 0.099448 0.265193 0.215470
0.298343 0.198895 0.110497 0.392265
0.176796 0.138122 0.292818 0.392265
0.187845 0.414365 0.259669 0.138122
0.397790 0.171271 0.121547 0.309392
0.259669 0.110497 0.403315 0.226519

MOTIF motif_11 motif_11
letter-probability matrix: alength= 4 w= 24
0.315315 0.162162 0.234234 0.288288
0.036036 0.009009 0.045045 0.909910
0.036036 0.162162 0.306306 0.495495
0.018018 0.036036 0.018018 0.927928
0.072072 0.486486 0.423423 0.018018
0.477477 0.108108 0.225225 0.189189
0.153153 0.216216 0.252252 0.378378
0.027027 0.063063 0.045045 0.864865
0.153153 0.315315 0.198198 0.333333
0.153153 0.108108 0.054054 0.684685
0.063063 0.432432 0.351351 0.153153
0.477477 0.144144 0.252252 0.126126
0.225225 0.234234 0.378378 0.162162
0.054054 0.234234 0.108108 0.603604
0.090090 0.144144 0.162162 0.603604
0.351351 0.216216 0.189189 0.243243
0.315315 0.117117 0.018018 0.549550
0.441441 0.216216 0.207207 0.135135
0.477477 0.369369 0.126126 0.027027
0.378378 0.342342 0.144144 0.135135
0.261261 0.180180 0.216216 0.342342
0.333333 0.144144 0.216216 0.306306
0.189189 0.108108 0.621622 0.081081
0.522523 0.135135 0.144144 0.198198

MOTIF motif_2 motif_2
letter-probability matrix: alength= 4 w= 24
0.121951 0.134146 0.329268 0.414634
0.097561 0.829268 0.018293 0.054878
0.000000 0.621951 0.000000 0.378049
0.689024 0.134146 0.018293 0.158537
0.664634 0.036585 0.146341 0.152439
0.945122 0.000000 0.018293 0.036585
0.859756 0.006098 0.000000 0.134146
0.847561 0.000000 0.000000 0.152439
0.006098 0.006098 0.000000 0.987805
0.969512 0.000000 0.030488 0.000000
0.079268 0.030488 0.871951 0.018293
0.426829 0.451220 0.067073 0.054878
0.426829 0.243902 0.067073 0.262195
0.310976 0.207317 0.164634 0.317073
0.207317 0.371951 0.097561 0.323171
0.256098 0.213415 0.274390 0.256098
0.262195 0.164634 0.262195 0.310976
0.195122 0.262195 0.219512 0.323171
0.250000 0.176829 0.298780 0.274390
0.341463 0.237805 0.195122 0.225610
0.347561 0.176829 0.182927 0.292683
0.274390 0.237805 0.225610 0.262195
0.250000 0.231707 0.176829 0.341463
0.317073 0.280488 0.152439 0.250000

MOTIF motif_10 motif_10
letter-probability matrix: alength= 4 w= 24
0.351852 0.180556 0.254630 0.212963
0.319444 0.115741 0.254630 0.310185
0.259259 0.064815 0.282407 0.393519
0.129630 0.041667 0.384259 0.444444
0.046296 0.787037 0.032407 0.134259
0.000000 0.032407 0.004630 0.962963
0.986111 0.000000 0.000000 0.013889
0.152778 0.004630 0.000000 0.842593
0.231481 0.004630 0.000000 0.763889
0.175926 0.050926 0.004630 0.768519
0.273148 0.148148 0.004630 0.574074
0.060185 0.013889 0.078704 0.847222
0.541667 0.000000 0.458333 0.000000
0.060185 0.032407 0.787037 0.120370
0.421296 0.333333 0.087963 0.157407
0.384259 0.240741 0.111111 0.263889
0.212963 0.305556 0.152778 0.328704
0.263889 0.231481 0.199074 0.305556
0.222222 0.157407 0.245370 0.375000
0.259259 0.143519 0.328704 0.268519
0.277778 0.152778 0.310185 0.259259
0.259259 0.180556 0.259259 0.300926
0.208333 0.189815 0.194444 0.407407
0.194444 0.217593 0.268519 0.319444

MOTIF motif_14 motif_14
letter-probability matrix: alength= 4 w= 24
0.212963 0.546296 0.101852 0.138889
0.268519 0.259259 0.305556 0.166667
0.212963 0.333333 0.222222 0.231481
0.351852 0.018519 0.212963 0.416667
0.092593 0.222222 0.231481 0.453704
0.148148 0.351852 0.175926 0.324074
0.157407 0.675926 0.064815 0.101852
0.120370 0.064815 0.046296 0.768519
0.583333 0.138889 0.027778 0.250000
0.027778 0.009259 0.027778 0.935185
0.009259 0.000000 0.027778 0.962963
0.018519 0.018519 0.092593 0.870370
0.175926 0.203704 0.120370 0.500000
0.277778 0.027778 0.453704 0.240741
0.111111 0.120370 0.750000 0.018519
0.342593 0.055556 0.333333 0.268519
0.268519 0.481481 0.064815 0.185185
0.250000 0.222222 0.287037 0.240741
0.083333 0.620370 0.037037 0.259259
0.361111 0.148148 0.240741 0.250000
0.388889 0.129630 0.203704 0.277778
0.342593 0.287037 0.203704 0.166667
0.157407 0.222222 0.296296 0.324074
0.259259 0.370370 0.231481 0.138889

