MEME version 4

ALPHABET= ACGT

strands: + -

MOTIF motif_13 motif_13
letter-probability matrix: alength= 4 w= 24
0.348837 0.186047 0.209302 0.255814
0.279070 0.162791 0.255814 0.302326
0.488372 0.325581 0.046512 0.139535
0.255814 0.302326 0.325581 0.116279
0.232558 0.534884 0.093023 0.139535
0.162791 0.279070 0.279070 0.279070
0.441860 0.162791 0.302326 0.093023
0.441860 0.302326 0.209302 0.046512
0.465116 0.046512 0.325581 0.162791
0.046512 0.046512 0.883721 0.023256
0.069767 0.139535 0.302326 0.488372
0.162791 0.232558 0.255814 0.348837
0.000000 0.767442 0.162791 0.069767
0.883721 0.023256 0.069767 0.023256
0.837209 0.139535 0.000000 0.023256
0.860465 0.069767 0.046512 0.023256
0.000000 0.093023 0.906977 0.000000
0.023256 0.093023 0.162791 0.720930
0.093023 0.697674 0.000000 0.209302
0.046512 0.837209 0.000000 0.116279
0.720930 0.093023 0.069767 0.116279
0.418605 0.232558 0.302326 0.046512
0.418605 0.395349 0.046512 0.139535
0.116279 0.348837 0.441860 0.093023

MOTIF motif_5 motif_5
letter-probability matrix: alength= 4 w= 24
0.305699 0.295337 0.108808 0.290155
0.393782 0.139896 0.295337 0.170984
0.145078 0.409326 0.279793 0.165803
0.419689 0.046632 0.113990 0.419689
0.305699 0.222798 0.310881 0.160622
0.259067 0.202073 0.124352 0.414508
0.077720 0.264249 0.321244 0.336788
0.160622 0.098446 0.253886 0.487047
0.181347 0.155440 0.160622 0.502591
0.155440 0.217617 0.310881 0.316062
0.326425 0.284974 0.155440 0.233161
0.383420 0.233161 0.310881 0.072539
0.357513 0.373057 0.093264 0.176166
0.155440 0.202073 0.113990 0.528497
0.202073 0.134715 0.072539 0.590674
0.274611 0.269430 0.155440 0.300518
0.336788 0.036269 0.476684 0.150259
0.134715 0.170984 0.367876 0.326425
0.585492 0.202073 0.119171 0.093264
0.077720 0.818653 0.072539 0.031088
0.020725 0.088083 0.025907 0.865285
0.046632 0.103627 0.088083 0.761658
0.108808 0.025907 0.000000 0.865285
0.036269 0.217617 0.720207 0.025907

