MEME version 4

ALPHABET= ACGT

strands: + -

MOTIF motif_7 motif_7
letter-probability matrix: alength= 4 w= 24
0.489796 0.040816 0.244898 0.224490
0.265306 0.102041 0.530612 0.102041
0.387755 0.122449 0.040816 0.448980
0.102041 0.040816 0.836735 0.020408
0.142857 0.040816 0.755102 0.061224
0.816327 0.040816 0.102041 0.040816
0.673469 0.061224 0.122449 0.142857
0.714286 0.040816 0.122449 0.122449
0.306122 0.102041 0.183673 0.408163
0.224490 0.142857 0.040816 0.591837
0.795918 0.061224 0.102041 0.040816
0.081633 0.244898 0.000000 0.673469
0.040816 0.020408 0.877551 0.061224
0.755102 0.142857 0.000000 0.102041
0.061224 0.224490 0.653061 0.061224
0.061224 0.102041 0.020408 0.816327
0.244898 0.551020 0.081633 0.122449
0.693878 0.122449 0.020408 0.163265
0.102041 0.102041 0.551020 0.244898
0.469388 0.306122 0.040816 0.183673
0.285714 0.285714 0.142857 0.285714
0.244898 0.163265 0.244898 0.346939
0.346939 0.142857 0.244898 0.265306
0.204082 0.367347 0.265306 0.163265

MOTIF motif_2 motif_2
letter-probability matrix: alength= 4 w= 24
0.483871 0.193548 0.177419 0.145161
0.241935 0.322581 0.177419 0.258065
0.322581 0.274194 0.064516 0.338710
0.258065 0.322581 0.241935 0.177419
0.306452 0.209677 0.322581 0.161290
0.193548 0.129032 0.290323 0.387097
0.225806 0.177419 0.419355 0.177419
0.467742 0.241935 0.241935 0.048387
0.258065 0.064516 0.306452 0.370968
0.048387 0.129032 0.177419 0.645161
0.080645 0.016129 0.887097 0.016129
0.161290 0.096774 0.725806 0.016129
0.903226 0.096774 0.000000 0.000000
0.774194 0.064516 0.064516 0.096774
0.709677 0.064516 0.129032 0.096774
0.564516 0.161290 0.064516 0.209677
0.354839 0.064516 0.145161 0.435484
0.451613 0.338710 0.096774 0.112903
0.016129 0.112903 0.048387 0.822581
0.048387 0.080645 0.693548 0.177419
0.983871 0.000000 0.000000 0.016129
0.000000 0.483871 0.500000 0.016129
0.129032 0.145161 0.032258 0.693548
0.274194 0.500000 0.016129 0.209677

