MEME version 4

ALPHABET= ACGT

strands: + -

MOTIF motif_1 motif_1
letter-probability matrix: alength= 4 w= 24
0.512315 0.118227 0.246305 0.123153
0.517241 0.064039 0.192118 0.226601
0.280788 0.039409 0.369458 0.310345
0.443350 0.128079 0.054187 0.374384
0.266010 0.344828 0.241379 0.147783
0.241379 0.197044 0.113300 0.448276
0.201970 0.221675 0.428571 0.147783
0.532020 0.187192 0.098522 0.182266
0.339901 0.073892 0.172414 0.413793
0.576355 0.152709 0.078818 0.192118
0.044335 0.024631 0.034483 0.896552
0.083744 0.064039 0.758621 0.093596
0.906404 0.029557 0.004926 0.059113
0.078818 0.536946 0.334975 0.049261
0.039409 0.014778 0.054187 0.891626
0.369458 0.507389 0.113300 0.009852
0.842365 0.000000 0.083744 0.073892
0.408867 0.147783 0.142857 0.300493
0.492611 0.182266 0.093596 0.231527
0.492611 0.108374 0.123153 0.275862
0.295567 0.315271 0.147783 0.241379
0.369458 0.142857 0.315271 0.172414
0.246305 0.133005 0.300493 0.320197
0.413793 0.211823 0.241379 0.133005

MOTIF motif_11 motif_11
letter-probability matrix: alength= 4 w= 24
0.217195 0.185520 0.303167 0.294118
0.235294 0.162896 0.235294 0.366516
0.271493 0.208145 0.085973 0.434389
0.361991 0.076923 0.217195 0.343891
0.312217 0.361991 0.194570 0.131222
0.375566 0.099548 0.190045 0.334842
0.352941 0.122172 0.230769 0.294118
0.312217 0.076923 0.190045 0.420814
0.488688 0.171946 0.144796 0.194570
0.085973 0.036199 0.027149 0.850679
0.081448 0.063348 0.656109 0.199095
0.882353 0.004525 0.058824 0.054299
0.067873 0.321267 0.502262 0.108597
0.004525 0.009050 0.022624 0.963801
0.095023 0.886878 0.004525 0.013575
0.941176 0.018100 0.022624 0.018100
0.085973 0.099548 0.171946 0.642534
0.475113 0.131222 0.131222 0.262443
0.248869 0.253394 0.126697 0.371041
0.321267 0.298643 0.117647 0.262443
0.352941 0.194570 0.199095 0.253394
0.199095 0.285068 0.203620 0.312217
0.226244 0.144796 0.298643 0.330317
0.371041 0.239819 0.167421 0.221719

MOTIF motif_2 motif_2
letter-probability matrix: alength= 4 w= 24
0.258065 0.220430 0.231183 0.290323
0.376344 0.241935 0.161290 0.220430
0.306452 0.252688 0.123656 0.317204
0.349462 0.327957 0.053763 0.268817
0.252688 0.241935 0.118280 0.387097
0.344086 0.274194 0.145161 0.236559
0.435484 0.139785 0.225806 0.198925
0.231183 0.123656 0.215054 0.430108
0.489247 0.139785 0.161290 0.209677
0.215054 0.209677 0.317204 0.258065
0.048387 0.026882 0.064516 0.860215
0.182796 0.370968 0.075269 0.370968
0.193548 0.198925 0.107527 0.500000
0.155914 0.462366 0.145161 0.236559
0.311828 0.150538 0.419355 0.118280
0.500000 0.005376 0.161290 0.333333
0.317204 0.069892 0.118280 0.494624
0.752688 0.107527 0.005376 0.134409
0.032258 0.021505 0.016129 0.930108
0.053763 0.069892 0.720430 0.155914
0.967742 0.005376 0.021505 0.005376
0.129032 0.489247 0.344086 0.037634
0.112903 0.043011 0.021505 0.822581
0.344086 0.290323 0.123656 0.241935

