MEME version 4

ALPHABET= ACGT

strands: + -

MOTIF motif_1 motif_1
letter-probability matrix: alength= 4 w= 24
0.687500 0.187500 0.085938 0.039062
0.210938 0.710938 0.054688 0.023438
0.070312 0.796875 0.070312 0.062500
0.007812 0.164062 0.000000 0.828125
0.062500 0.226562 0.046875 0.664062
0.000000 0.000000 0.007812 0.992188
0.046875 0.000000 0.953125 0.000000
0.906250 0.070312 0.015625 0.007812
0.093750 0.898438 0.000000 0.007812
0.054688 0.914062 0.007812 0.023438
0.000000 0.296875 0.023438 0.679688
0.070312 0.492188 0.093750 0.343750
0.273438 0.085938 0.156250 0.484375
0.257812 0.226562 0.375000 0.140625
0.507812 0.265625 0.125000 0.101562
0.187500 0.406250 0.226562 0.179688
0.218750 0.390625 0.203125 0.187500
0.148438 0.265625 0.195312 0.390625
0.242188 0.351562 0.203125 0.203125
0.296875 0.281250 0.085938 0.335938
0.289062 0.281250 0.257812 0.171875
0.265625 0.351562 0.187500 0.195312
0.351562 0.226562 0.109375 0.312500
0.218750 0.132812 0.226562 0.421875

MOTIF motif_7 motif_7
letter-probability matrix: alength= 4 w= 24
0.120879 0.637363 0.142857 0.098901
0.021978 0.824176 0.076923 0.076923
0.307692 0.560440 0.010989 0.120879
0.010989 0.010989 0.967033 0.010989
0.065934 0.032967 0.879121 0.021978
0.934066 0.032967 0.032967 0.000000
0.879121 0.021978 0.032967 0.065934
0.021978 0.054945 0.780220 0.142857
0.065934 0.439560 0.142857 0.351648
0.593407 0.065934 0.307692 0.032967
0.263736 0.241758 0.373626 0.120879
0.307692 0.153846 0.054945 0.483516
0.241758 0.252747 0.153846 0.351648
0.164835 0.373626 0.208791 0.252747
0.186813 0.296703 0.230769 0.285714
0.186813 0.428571 0.219780 0.164835
0.252747 0.296703 0.285714 0.164835
0.296703 0.153846 0.417582 0.131868
0.153846 0.263736 0.351648 0.230769
0.263736 0.186813 0.307692 0.241758
0.131868 0.428571 0.197802 0.241758
0.131868 0.428571 0.241758 0.197802
0.274725 0.274725 0.252747 0.197802
0.263736 0.318681 0.263736 0.153846

MOTIF motif_12 motif_12
letter-probability matrix: alength= 4 w= 24
0.242105 0.284211 0.305263 0.168421
0.210526 0.305263 0.231579 0.252632
0.200000 0.389474 0.221053 0.189474
0.094737 0.389474 0.136842 0.378947
0.126316 0.336842 0.242105 0.294737
0.010526 0.010526 0.000000 0.978947
0.042105 0.042105 0.905263 0.010526
0.842105 0.115789 0.042105 0.000000
0.136842 0.852632 0.000000 0.010526
0.031579 0.957895 0.000000 0.010526
0.000000 0.210526 0.000000 0.789474
0.052632 0.463158 0.042105 0.442105
0.000000 0.000000 0.031579 0.968421
0.031579 0.084211 0.884211 0.000000
0.926316 0.073684 0.000000 0.000000
0.252632 0.726316 0.021053 0.000000
0.010526 0.989474 0.000000 0.000000
0.000000 0.410526 0.000000 0.589474
0.031579 0.578947 0.126316 0.263158
0.178947 0.178947 0.115789 0.526316
0.200000 0.200000 0.421053 0.178947
0.315789 0.294737 0.221053 0.168421
0.200000 0.347368 0.231579 0.221053
0.231579 0.357895 0.210526 0.200000

MOTIF motif_11 motif_11
letter-probability matrix: alength= 4 w= 24
0.047945 0.013699 0.910959 0.027397
0.006849 0.006849 0.821918 0.164384
0.013699 0.041096 0.219178 0.726027
0.013699 0.842466 0.041096 0.102740
0.910959 0.034247 0.054795 0.000000
0.616438 0.034247 0.308219 0.041096
0.842466 0.006849 0.150685 0.000000
0.000000 0.006849 0.993151 0.000000
0.027397 0.006849 0.801370 0.164384
0.006849 0.013699 0.123288 0.856164
0.000000 0.849315 0.047945 0.102740
0.904110 0.006849 0.075342 0.013699
0.376712 0.205479 0.219178 0.198630
0.506849 0.130137 0.239726 0.123288
0.150685 0.109589 0.500000 0.239726
0.143836 0.198630 0.465753 0.191781
0.143836 0.226027 0.246575 0.383562
0.054795 0.506849 0.191781 0.246575
0.369863 0.212329 0.123288 0.294521
0.253425 0.171233 0.397260 0.178082
0.246575 0.178082 0.287671 0.287671
0.198630 0.164384 0.410959 0.226027
0.308219 0.178082 0.184932 0.328767
0.150685 0.287671 0.267123 0.294521

MOTIF motif_5 motif_5
letter-probability matrix: alength= 4 w= 24
0.116788 0.189781 0.525547 0.167883
0.211679 0.204380 0.394161 0.189781
0.131387 0.153285 0.343066 0.372263
0.080292 0.109489 0.408759 0.401460
0.138686 0.284672 0.430657 0.145985
0.510949 0.270073 0.145985 0.072993
0.255474 0.313869 0.182482 0.248175
0.160584 0.058394 0.357664 0.423358
0.072993 0.299270 0.036496 0.591241
0.270073 0.204380 0.306569 0.218978
0.452555 0.189781 0.197080 0.160584
0.189781 0.518248 0.226277 0.065693
0.197080 0.620438 0.072993 0.109489
0.080292 0.153285 0.299270 0.467153
0.051095 0.226277 0.116788 0.605839
0.051095 0.065693 0.007299 0.875912
0.021898 0.087591 0.854015 0.036496
0.890511 0.036496 0.036496 0.036496
0.043796 0.861314 0.065693 0.029197
0.007299 0.861314 0.021898 0.109489
0.036496 0.416058 0.043796 0.503650
0.094891 0.459854 0.036496 0.408759
0.160584 0.262774 0.197080 0.379562
0.226277 0.109489 0.518248 0.145985

MOTIF motif_14 motif_14
letter-probability matrix: alength= 4 w= 24
0.254545 0.309091 0.345455 0.090909
0.290909 0.236364 0.254545 0.218182
0.200000 0.090909 0.545455 0.163636
0.309091 0.181818 0.309091 0.200000
0.472727 0.036364 0.145455 0.345455
0.563636 0.000000 0.127273 0.309091
0.200000 0.145455 0.254545 0.400000
0.163636 0.418182 0.090909 0.327273
0.654545 0.018182 0.254545 0.072727
0.018182 0.672727 0.181818 0.127273
0.072727 0.018182 0.000000 0.909091
0.054545 0.000000 0.000000 0.945455
0.018182 0.945455 0.036364 0.000000
0.000000 0.854545 0.127273 0.018182
0.072727 0.036364 0.727273 0.163636
0.072727 0.018182 0.872727 0.036364
0.054545 0.000000 0.818182 0.127273
0.018182 0.018182 0.436364 0.527273
0.018182 0.618182 0.109091 0.254545
0.581818 0.181818 0.109091 0.127273
0.381818 0.181818 0.254545 0.181818
0.309091 0.254545 0.200000 0.236364
0.163636 0.290909 0.381818 0.163636
0.090909 0.309091 0.345455 0.254545

