MEME version 4

ALPHABET= ACGT

strands: + -

MOTIF motif_1 motif_1
letter-probability matrix: alength= 4 w= 24
0.087137 0.481328 0.302905 0.128631
0.394191 0.099585 0.352697 0.153527
0.099585 0.394191 0.369295 0.136929
0.605809 0.070539 0.170124 0.153527
0.165975 0.526971 0.269710 0.037344
0.464730 0.149378 0.161826 0.224066
0.182573 0.373444 0.261411 0.182573
0.493776 0.112033 0.211618 0.182573
0.078838 0.460581 0.365145 0.095436
0.319502 0.112033 0.439834 0.128631
0.012448 0.112033 0.020747 0.854772
0.377593 0.265560 0.298755 0.058091
0.518672 0.344398 0.029046 0.107884
0.510373 0.298755 0.141079 0.049793
0.132780 0.369295 0.058091 0.439834
0.211618 0.103734 0.535270 0.149378
0.186722 0.244813 0.207469 0.360996
0.195021 0.033195 0.240664 0.531120
0.004149 0.522822 0.323651 0.149378
0.809129 0.041494 0.095436 0.053942
0.053942 0.809129 0.107884 0.029046
0.410788 0.294606 0.215768 0.078838
0.091286 0.307054 0.307054 0.294606
0.248963 0.414938 0.215768 0.120332

MOTIF motif_7 motif_7
letter-probability matrix: alength= 4 w= 24
0.305556 0.222222 0.250000 0.222222
0.305556 0.277778 0.361111 0.055556
0.750000 0.000000 0.166667 0.083333
0.027778 0.027778 0.888889 0.055556
0.055556 0.027778 0.833333 0.083333
0.111111 0.027778 0.333333 0.527778
0.166667 0.638889 0.138889 0.055556
0.972222 0.000000 0.000000 0.027778
0.527778 0.000000 0.472222 0.000000
0.750000 0.000000 0.166667 0.083333
0.000000 0.055556 0.944444 0.000000
0.055556 0.027778 0.805556 0.111111
0.027778 0.000000 0.111111 0.861111
0.000000 0.944444 0.027778 0.027778
0.944444 0.000000 0.027778 0.027778
0.222222 0.250000 0.527778 0.000000
0.388889 0.166667 0.444444 0.000000
0.277778 0.027778 0.638889 0.055556
0.055556 0.111111 0.694444 0.138889
0.083333 0.111111 0.027778 0.777778
0.194444 0.722222 0.027778 0.055556
0.611111 0.083333 0.222222 0.083333
0.194444 0.194444 0.444444 0.166667
0.388889 0.166667 0.305556 0.138889

MOTIF motif_10 motif_10
letter-probability matrix: alength= 4 w= 24
0.291667 0.375000 0.208333 0.125000
0.291667 0.458333 0.083333 0.166667
0.291667 0.291667 0.208333 0.208333
0.208333 0.208333 0.125000 0.458333
0.125000 0.125000 0.541667 0.208333
0.083333 0.291667 0.250000 0.375000
0.333333 0.166667 0.291667 0.208333
0.125000 0.208333 0.166667 0.500000
0.166667 0.208333 0.500000 0.125000
0.000000 0.000000 0.000000 1.000000
0.083333 0.083333 0.791667 0.041667
0.833333 0.125000 0.000000 0.041667
0.083333 0.791667 0.000000 0.125000
0.041667 0.791667 0.041667 0.125000
0.041667 0.166667 0.041667 0.750000
0.125000 0.041667 0.000000 0.833333
0.000000 0.041667 0.166667 0.791667
0.000000 0.083333 0.833333 0.083333
0.958333 0.000000 0.041667 0.000000
0.208333 0.750000 0.000000 0.041667
0.125000 0.750000 0.125000 0.000000
0.000000 0.125000 0.083333 0.791667
0.041667 0.333333 0.333333 0.291667
0.208333 0.000000 0.000000 0.791667

MOTIF motif_6 motif_6
letter-probability matrix: alength= 4 w= 24
0.344444 0.155556 0.277778 0.222222
0.011111 0.255556 0.200000 0.533333
0.388889 0.111111 0.388889 0.111111
0.000000 0.066667 0.066667 0.866667
0.044444 0.077778 0.844444 0.033333
0.122222 0.722222 0.022222 0.133333
0.488889 0.277778 0.111111 0.122222
0.077778 0.411111 0.066667 0.444444
0.455556 0.066667 0.466667 0.011111
0.055556 0.733333 0.066667 0.144444
0.577778 0.011111 0.133333 0.277778
0.144444 0.477778 0.055556 0.322222
0.577778 0.011111 0.355556 0.055556
0.055556 0.366667 0.088889 0.488889
0.533333 0.055556 0.188889 0.222222
0.100000 0.300000 0.122222 0.477778
0.100000 0.055556 0.533333 0.311111
0.088889 0.577778 0.155556 0.177778
0.533333 0.055556 0.233333 0.177778
0.066667 0.388889 0.133333 0.411111
0.388889 0.111111 0.455556 0.044444
0.000000 0.955556 0.022222 0.022222
0.888889 0.011111 0.055556 0.044444
0.088889 0.166667 0.088889 0.655556

