MEME version 4

ALPHABET= ACGT

strands: + -

MOTIF motif_1 motif_1
letter-probability matrix: alength= 4 w= 24
0.263158 0.224561 0.259649 0.252632
0.277193 0.280702 0.228070 0.214035
0.291228 0.175439 0.249123 0.284211
0.154386 0.350877 0.263158 0.231579
0.154386 0.221053 0.322807 0.301754
0.168421 0.136842 0.410526 0.284211
0.270175 0.129825 0.417544 0.182456
0.231579 0.242105 0.456140 0.070175
0.259649 0.224561 0.392982 0.122807
0.126316 0.319298 0.284211 0.270175
0.207018 0.343860 0.214035 0.235088
0.305263 0.414035 0.101754 0.178947
0.624561 0.175439 0.115789 0.084211
0.336842 0.070175 0.459649 0.133333
0.621053 0.045614 0.273684 0.059649
0.080702 0.010526 0.870175 0.038596
0.003509 0.028070 0.943860 0.024561
0.017544 0.049123 0.091228 0.842105
0.003509 0.936842 0.024561 0.035088
0.726316 0.126316 0.056140 0.091228
0.284211 0.189474 0.294737 0.231579
0.192982 0.154386 0.361404 0.291228
0.280702 0.154386 0.273684 0.291228
0.161404 0.315789 0.326316 0.196491

MOTIF motif_5 motif_5
letter-probability matrix: alength= 4 w= 24
0.334951 0.310680 0.271845 0.082524
0.296117 0.233010 0.247573 0.223301
0.213592 0.320388 0.228155 0.237864
0.135922 0.223301 0.305825 0.334951
0.106796 0.412621 0.189320 0.291262
0.378641 0.368932 0.145631 0.106796
0.373786 0.325243 0.116505 0.184466
0.296117 0.286408 0.242718 0.174757
0.266990 0.213592 0.223301 0.296117
0.320388 0.266990 0.315534 0.097087
0.296117 0.334951 0.223301 0.145631
0.184466 0.305825 0.349515 0.160194
0.199029 0.247573 0.305825 0.247573
0.116505 0.456311 0.140777 0.286408
0.179612 0.451456 0.111650 0.257282
0.014563 0.009709 0.004854 0.970874
0.024272 0.033981 0.912621 0.029126
0.907767 0.019417 0.033981 0.038835
0.014563 0.966019 0.009709 0.009709
0.009709 0.936893 0.000000 0.053398
0.077670 0.160194 0.000000 0.762136
0.155340 0.334951 0.140777 0.368932
0.135922 0.247573 0.237864 0.378641
0.242718 0.237864 0.320388 0.199029

MOTIF motif_2 motif_2
letter-probability matrix: alength= 4 w= 24
0.338028 0.178404 0.338028 0.145540
0.638498 0.018779 0.319249 0.023474
0.014085 0.004695 0.929577 0.051643
0.046948 0.009390 0.929577 0.014085
0.004695 0.075117 0.070423 0.849765
0.004695 0.938967 0.028169 0.028169
0.976526 0.004695 0.014085 0.004695
0.347418 0.234742 0.366197 0.051643
0.549296 0.122066 0.300469 0.028169
0.253521 0.220657 0.422535 0.103286
0.154930 0.248826 0.422535 0.173709
0.084507 0.197183 0.441315 0.276995
0.056338 0.352113 0.201878 0.389671
0.305164 0.220657 0.248826 0.225352
0.333333 0.093897 0.319249 0.253521
0.173709 0.272300 0.399061 0.154930
0.328638 0.183099 0.201878 0.286385
0.206573 0.272300 0.272300 0.248826
0.197183 0.342723 0.258216 0.201878
0.225352 0.319249 0.230047 0.225352
0.197183 0.239437 0.319249 0.244131
0.328638 0.112676 0.394366 0.164319
0.281690 0.197183 0.258216 0.262911
0.258216 0.159624 0.356808 0.225352

MOTIF motif_6 motif_6
letter-probability matrix: alength= 4 w= 24
0.208861 0.310127 0.177215 0.303797
0.208861 0.265823 0.259494 0.265823
0.341772 0.221519 0.246835 0.189873
0.221519 0.310127 0.227848 0.240506
0.259494 0.177215 0.329114 0.234177
0.126582 0.284810 0.436709 0.151899
0.132911 0.348101 0.265823 0.253165
0.183544 0.196203 0.234177 0.386076
0.063291 0.132911 0.000000 0.803797
0.018987 0.101266 0.879747 0.000000
0.854430 0.050633 0.088608 0.006329
0.012658 0.962025 0.018987 0.006329
0.012658 0.905063 0.006329 0.075949
0.006329 0.088608 0.006329 0.898734
0.018987 0.474684 0.031646 0.474684
0.031646 0.170886 0.044304 0.753165
0.151899 0.170886 0.531646 0.145570
0.373418 0.316456 0.113924 0.196203
0.170886 0.443038 0.303797 0.082278
0.170886 0.405063 0.272152 0.151899
0.145570 0.316456 0.221519 0.316456
0.139241 0.329114 0.126582 0.405063
0.215190 0.240506 0.291139 0.253165
0.196203 0.253165 0.303797 0.246835

