MEME version 4

ALPHABET= ACGT

strands: + -

MOTIF motif_1 motif_1
letter-probability matrix: alength= 4 w= 24
0.149682 0.496815 0.238854 0.114650
0.184713 0.251592 0.385350 0.178344
0.187898 0.328025 0.353503 0.130573
0.257962 0.226115 0.254777 0.261146
0.146497 0.407643 0.385350 0.060510
0.136943 0.487261 0.302548 0.073248
0.165605 0.264331 0.439490 0.130573
0.066879 0.480892 0.343949 0.108280
0.194268 0.366242 0.289809 0.149682
0.162420 0.229299 0.493631 0.114650
0.149682 0.417197 0.321656 0.111465
0.136943 0.525478 0.232484 0.105096
0.044586 0.130573 0.207006 0.617834
0.082803 0.050955 0.847134 0.019108
0.038217 0.907643 0.031847 0.022293
0.022293 0.012739 0.955414 0.009554
0.003185 0.974522 0.015924 0.006369
0.675159 0.101911 0.178344 0.044586
0.070064 0.184713 0.242038 0.503185
0.063694 0.015924 0.904459 0.015924
0.047771 0.863057 0.057325 0.031847
0.063694 0.054140 0.815287 0.066879
0.006369 0.894904 0.044586 0.054140
0.136943 0.280255 0.458599 0.124204

MOTIF motif_2 motif_2
letter-probability matrix: alength= 4 w= 24
0.141304 0.345652 0.413043 0.100000
0.150000 0.341304 0.363043 0.145652
0.169565 0.330435 0.352174 0.147826
0.143478 0.413043 0.315217 0.128261
0.115217 0.369565 0.332609 0.182609
0.126087 0.439130 0.289130 0.145652
0.221739 0.336957 0.284783 0.156522
0.108696 0.460870 0.295652 0.134783
0.071739 0.354348 0.180435 0.393478
0.073913 0.006522 0.917391 0.002174
0.065217 0.900000 0.026087 0.008696
0.047826 0.013043 0.932609 0.006522
0.010870 0.960870 0.019565 0.008696
0.656522 0.226087 0.089130 0.028261
0.008696 0.069565 0.180435 0.741304
0.002174 0.013043 0.982609 0.002174
0.002174 0.982609 0.000000 0.015217
0.000000 0.019565 0.910870 0.069565
0.000000 0.945652 0.004348 0.050000
0.458696 0.154348 0.332609 0.054348
0.113043 0.258696 0.523913 0.104348
0.156522 0.284783 0.317391 0.241304
0.121739 0.280435 0.476087 0.121739
0.147826 0.367391 0.376087 0.108696

MOTIF motif_6 motif_6
letter-probability matrix: alength= 4 w= 24
0.147727 0.238636 0.494318 0.119318
0.167614 0.315341 0.366477 0.150568
0.193182 0.346591 0.357955 0.102273
0.122159 0.423295 0.244318 0.210227
0.122159 0.375000 0.420455 0.082386
0.093750 0.309659 0.355114 0.241477
0.130682 0.389205 0.372159 0.107955
0.286932 0.267045 0.286932 0.159091
0.107955 0.556818 0.247159 0.088068
0.034091 0.250000 0.107955 0.607955
0.048295 0.005682 0.940341 0.005682
0.031250 0.960227 0.008523 0.000000
0.017045 0.000000 0.982955 0.000000
0.002841 0.991477 0.000000 0.005682
0.730114 0.116477 0.096591 0.056818
0.022727 0.093750 0.335227 0.548295
0.008523 0.082386 0.892045 0.017045
0.034091 0.894886 0.014205 0.056818
0.019886 0.071023 0.812500 0.096591
0.011364 0.911932 0.022727 0.053977
0.366477 0.215909 0.335227 0.082386
0.110795 0.355114 0.406250 0.127841
0.110795 0.340909 0.335227 0.213068
0.127841 0.247159 0.505682 0.119318

MOTIF motif_14 motif_14
letter-probability matrix: alength= 4 w= 24
0.249344 0.338583 0.343832 0.068241
0.110236 0.364829 0.448819 0.076115
0.125984 0.380577 0.351706 0.141732
0.141732 0.244094 0.451444 0.162730
0.181102 0.259843 0.351706 0.207349
0.186352 0.362205 0.385827 0.065617
0.212598 0.393701 0.299213 0.094488
0.141732 0.574803 0.139108 0.144357
0.068241 0.320210 0.223097 0.388451
0.070866 0.015748 0.905512 0.007874
0.060367 0.918635 0.010499 0.010499
0.031496 0.007874 0.958005 0.002625
0.015748 0.968504 0.005249 0.010499
0.734908 0.120735 0.118110 0.026247
0.034121 0.097113 0.325459 0.543307
0.062992 0.139108 0.787402 0.010499
0.026247 0.895013 0.007874 0.070866
0.018373 0.107612 0.753281 0.120735
0.039370 0.845144 0.026247 0.089239
0.320210 0.086614 0.511811 0.081365
0.086614 0.328084 0.467192 0.118110
0.165354 0.414698 0.267717 0.152231
0.107612 0.288714 0.498688 0.104987
0.133858 0.380577 0.419948 0.065617

