MEME version 4

ALPHABET= ACGT

strands: + -

MOTIF motif_1 motif_1
letter-probability matrix: alength= 4 w= 24
0.238095 0.265306 0.244898 0.251701
0.129252 0.319728 0.319728 0.231293
0.156463 0.278912 0.299320 0.265306
0.285714 0.163265 0.414966 0.136054
0.319728 0.074830 0.272109 0.333333
0.292517 0.013605 0.680272 0.013605
0.306122 0.163265 0.319728 0.210884
0.013605 0.238095 0.523810 0.224490
0.027211 0.877551 0.013605 0.081633
0.911565 0.047619 0.034014 0.006803
0.122449 0.197279 0.544218 0.136054
0.006803 0.680272 0.136054 0.176871
0.170068 0.605442 0.197279 0.027211
0.625850 0.006803 0.326531 0.040816
0.605442 0.040816 0.142857 0.210884
0.000000 0.238095 0.761905 0.000000
0.000000 0.918367 0.006803 0.074830
0.306122 0.006803 0.646259 0.040816
0.020408 0.013605 0.115646 0.850340
0.170068 0.006803 0.809524 0.013605
0.748299 0.027211 0.142857 0.081633
0.156463 0.809524 0.020408 0.013605
0.156463 0.442177 0.142857 0.258503
0.231293 0.238095 0.265306 0.265306

MOTIF motif_11 motif_11
letter-probability matrix: alength= 4 w= 24
0.200957 0.220096 0.444976 0.133971
0.004785 0.028708 0.779904 0.186603
0.071770 0.119617 0.057416 0.751196
0.023923 0.784689 0.009569 0.181818
0.794258 0.133971 0.028708 0.043062
0.033493 0.555024 0.028708 0.382775
0.057416 0.014354 0.928230 0.000000
0.000000 0.736842 0.263158 0.000000
0.215311 0.143541 0.023923 0.617225
0.038278 0.330144 0.014354 0.617225
0.043062 0.282297 0.507177 0.167464
0.253589 0.100478 0.636364 0.009569
0.076555 0.550239 0.172249 0.200957
0.057416 0.090909 0.086124 0.765550
0.177033 0.009569 0.760766 0.052632
0.234450 0.516746 0.220096 0.028708
0.234450 0.349282 0.129187 0.287081
0.033493 0.569378 0.052632 0.344498
0.334928 0.234450 0.062201 0.368421
0.100478 0.344498 0.253589 0.301435
0.229665 0.277512 0.315789 0.177033
0.229665 0.311005 0.267943 0.191388
0.200957 0.200957 0.358852 0.239234
0.186603 0.229665 0.344498 0.239234

