MEME version 4

ALPHABET= ACGT

strands: + -

MOTIF motif_1 motif_1
letter-probability matrix: alength= 4 w= 24
0.120370 0.138889 0.708333 0.032407
0.708333 0.148148 0.120370 0.023148
0.074074 0.379630 0.287037 0.259259
0.046296 0.037037 0.023148 0.893519
0.004630 0.004630 0.967593 0.023148
0.467593 0.018519 0.189815 0.324074
0.013889 0.935185 0.027778 0.023148
0.925926 0.009259 0.041667 0.023148
0.101852 0.333333 0.490741 0.074074
0.092593 0.245370 0.222222 0.439815
0.152778 0.518519 0.138889 0.189815
0.347222 0.166667 0.208333 0.277778
0.250000 0.310185 0.287037 0.152778
0.328704 0.180556 0.291667 0.199074
0.166667 0.199074 0.180556 0.453704
0.226852 0.268519 0.273148 0.231481
0.328704 0.074074 0.393519 0.203704
0.287037 0.222222 0.273148 0.217593
0.222222 0.324074 0.115741 0.337963
0.101852 0.402778 0.212963 0.282407
0.574074 0.152778 0.143519 0.129630
0.412037 0.342593 0.078704 0.166667
0.259259 0.148148 0.087963 0.504630
0.143519 0.296296 0.388889 0.171296

MOTIF motif_11 motif_11
letter-probability matrix: alength= 4 w= 24
0.185185 0.333333 0.248677 0.232804
0.296296 0.222222 0.211640 0.269841
0.185185 0.222222 0.375661 0.216931
0.185185 0.248677 0.185185 0.380952
0.179894 0.206349 0.238095 0.375661
0.079365 0.000000 0.010582 0.910053
0.005291 0.000000 0.989418 0.005291
1.000000 0.000000 0.000000 0.000000
0.015873 0.137566 0.423280 0.423280
0.005291 0.000000 0.052910 0.941799
0.005291 0.000000 0.994709 0.000000
0.814815 0.000000 0.185185 0.000000
0.000000 0.973545 0.000000 0.026455
0.888889 0.005291 0.058201 0.047619
0.005291 0.153439 0.767196 0.074074
0.158730 0.386243 0.291005 0.164021
0.275132 0.227513 0.243386 0.253968
0.222222 0.211640 0.343915 0.222222
0.328042 0.174603 0.280423 0.216931
0.306878 0.148148 0.306878 0.238095
0.238095 0.174603 0.312169 0.275132
0.322751 0.174603 0.238095 0.264550
0.216931 0.211640 0.338624 0.232804
0.216931 0.158730 0.322751 0.301587

MOTIF motif_10 motif_10
letter-probability matrix: alength= 4 w= 24
0.251337 0.278075 0.160428 0.310160
0.256684 0.203209 0.331551 0.208556
0.283422 0.192513 0.315508 0.208556
0.208556 0.294118 0.229947 0.267380
0.165775 0.336898 0.251337 0.245989
0.283422 0.197861 0.171123 0.347594
0.235294 0.315508 0.229947 0.219251
0.288770 0.245989 0.139037 0.326203
0.219251 0.256684 0.229947 0.294118
0.267380 0.229947 0.283422 0.219251
0.240642 0.256684 0.315508 0.187166
0.074866 0.342246 0.379679 0.203209
0.122995 0.668449 0.181818 0.026738
0.032086 0.085561 0.000000 0.882353
0.010695 0.000000 0.989305 0.000000
0.000000 0.144385 0.000000 0.855615
0.000000 1.000000 0.000000 0.000000
0.951872 0.032086 0.005348 0.010695
0.459893 0.363636 0.176471 0.000000
0.010695 0.000000 0.000000 0.989305
0.000000 0.983957 0.005348 0.010695
0.951872 0.000000 0.005348 0.042781
0.299465 0.283422 0.187166 0.229947
0.342246 0.256684 0.208556 0.192513

MOTIF motif_6 motif_6
letter-probability matrix: alength= 4 w= 24
0.256410 0.174359 0.143590 0.425641
0.292308 0.246154 0.307692 0.153846
0.220513 0.256410 0.246154 0.276923
0.215385 0.266667 0.374359 0.143590
0.169231 0.410256 0.276923 0.143590
0.035897 0.861538 0.076923 0.025641
0.071795 0.066667 0.000000 0.861538
0.025641 0.000000 0.969231 0.005128
0.046154 0.087179 0.010256 0.856410
0.000000 0.979487 0.005128 0.015385
0.953846 0.025641 0.000000 0.020513
0.348718 0.415385 0.194872 0.041026
0.056410 0.015385 0.000000 0.928205
0.010256 0.856410 0.066667 0.066667
0.830769 0.015385 0.051282 0.102564
0.241026 0.241026 0.338462 0.179487
0.323077 0.164103 0.256410 0.256410
0.174359 0.379487 0.179487 0.266667
0.282051 0.230769 0.133333 0.353846
0.158974 0.174359 0.369231 0.297436
0.205128 0.169231 0.312821 0.312821
0.358974 0.158974 0.271795 0.210256
0.215385 0.256410 0.302564 0.225641
0.230769 0.256410 0.302564 0.210256

