MEME version 4

ALPHABET= ACGT

strands: + -

MOTIF motif_13 motif_13
letter-probability matrix: alength= 4 w= 24
0.258661 0.189376 0.247113 0.304850
0.242494 0.177829 0.288684 0.290993
0.191686 0.233256 0.304850 0.270208
0.251732 0.200924 0.260970 0.286374
0.256351 0.272517 0.228637 0.242494
0.240185 0.233256 0.240185 0.286374
0.295612 0.205543 0.258661 0.240185
0.205543 0.284065 0.203233 0.307159
0.281755 0.240185 0.170901 0.307159
0.279446 0.175520 0.242494 0.302540
0.085450 0.039261 0.605081 0.270208
0.020785 0.004619 0.969977 0.004619
0.013857 0.000000 0.935335 0.050808
0.616628 0.000000 0.355658 0.027714
0.785219 0.083141 0.073903 0.057737
0.535797 0.032333 0.011547 0.420323
0.046189 0.073903 0.173210 0.706697
0.032333 0.330254 0.018476 0.618938
0.053118 0.937644 0.000000 0.009238
0.011547 0.974596 0.002309 0.011547
0.221709 0.683603 0.027714 0.066975
0.297921 0.224018 0.157044 0.321016
0.228637 0.205543 0.355658 0.210162
0.221709 0.265589 0.307159 0.205543

MOTIF motif_5 motif_5
letter-probability matrix: alength= 4 w= 24
0.587379 0.048544 0.140777 0.223301
0.004854 0.024272 0.961165 0.009709
0.000000 0.000000 0.985437 0.014563
0.004854 0.004854 0.893204 0.097087
0.354369 0.004854 0.601942 0.038835
0.524272 0.257282 0.145631 0.072816
0.150485 0.024272 0.009709 0.815534
0.009709 0.019417 0.009709 0.961165
0.024272 0.053398 0.019417 0.902913
0.009709 0.873786 0.009709 0.106796
0.009709 0.868932 0.019417 0.101942
0.436893 0.330097 0.072816 0.160194
0.368932 0.203883 0.296117 0.131068
0.218447 0.233010 0.388350 0.160194
0.140777 0.208738 0.441748 0.208738
0.179612 0.252427 0.266990 0.300971
0.242718 0.213592 0.291262 0.252427
0.199029 0.296117 0.305825 0.199029
0.296117 0.126214 0.291262 0.286408
0.218447 0.199029 0.266990 0.315534
0.218447 0.233010 0.184466 0.364078
0.262136 0.325243 0.150485 0.262136
0.252427 0.286408 0.160194 0.300971
0.291262 0.257282 0.150485 0.300971

MOTIF motif_10 motif_10
letter-probability matrix: alength= 4 w= 24
0.149533 0.285047 0.238318 0.327103
0.299065 0.102804 0.149533 0.448598
0.093458 0.196262 0.485981 0.224299
0.285047 0.383178 0.224299 0.107477
0.098131 0.345794 0.135514 0.420561
0.275701 0.285047 0.252336 0.186916
0.074766 0.415888 0.383178 0.126168
0.219626 0.144860 0.196262 0.439252
0.051402 0.032710 0.850467 0.065421
0.172897 0.037383 0.733645 0.056075
0.696262 0.032710 0.219626 0.051402
0.855140 0.070093 0.032710 0.042056
0.565421 0.149533 0.121495 0.163551
0.084112 0.210280 0.196262 0.509346
0.037383 0.668224 0.028037 0.266355
0.107477 0.794393 0.018692 0.079439
0.065421 0.869159 0.009346 0.056075
0.018692 0.869159 0.037383 0.074766
0.359813 0.233645 0.028037 0.378505
0.130841 0.130841 0.462617 0.275701
0.065421 0.373832 0.387850 0.172897
0.200935 0.172897 0.331776 0.294393
0.364486 0.186916 0.172897 0.275701
0.327103 0.313084 0.172897 0.186916

