MEME version 4

ALPHABET= ACGT

strands: + -

MOTIF motif_1 motif_1
letter-probability matrix: alength= 4 w= 24
0.363636 0.174825 0.188811 0.272727
0.216783 0.209790 0.153846 0.419580
0.153846 0.300699 0.300699 0.244755
0.230769 0.265734 0.188811 0.314685
0.195804 0.230769 0.335664 0.237762
0.188811 0.370629 0.153846 0.286713
0.216783 0.195804 0.230769 0.356643
0.251748 0.132867 0.377622 0.237762
0.244755 0.510490 0.062937 0.181818
0.307692 0.139860 0.489510 0.062937
0.027972 0.013986 0.013986 0.944056
0.006993 0.979021 0.006993 0.006993
0.944056 0.027972 0.013986 0.013986
0.020979 0.307692 0.181818 0.489510
0.048951 0.580420 0.069930 0.300699
0.314685 0.034965 0.132867 0.517483
0.034965 0.000000 0.965035 0.000000
0.006993 0.048951 0.020979 0.923077
0.111888 0.167832 0.020979 0.699301
0.230769 0.020979 0.594406 0.153846
0.069930 0.825175 0.006993 0.097902
0.027972 0.482517 0.034965 0.454545
0.678322 0.041958 0.202797 0.076923
0.202797 0.076923 0.440559 0.279720

MOTIF motif_13 motif_13
letter-probability matrix: alength= 4 w= 24
0.287671 0.178082 0.294521 0.239726
0.321918 0.280822 0.143836 0.253425
0.410959 0.109589 0.171233 0.308219
0.130137 0.095890 0.157534 0.616438
0.054795 0.438356 0.082192 0.424658
0.102740 0.184932 0.136986 0.575342
0.184932 0.369863 0.335616 0.109589
0.027397 0.897260 0.013699 0.061644
0.178082 0.568493 0.027397 0.226027
0.027397 0.171233 0.000000 0.801370
0.650685 0.000000 0.349315 0.000000
0.054795 0.000000 0.931507 0.013699
0.095890 0.589041 0.013699 0.301370
0.773973 0.000000 0.157534 0.068493
0.986301 0.006849 0.006849 0.000000
0.000000 0.958904 0.000000 0.041096
0.452055 0.061644 0.013699 0.472603
0.376712 0.061644 0.513699 0.047945
0.534247 0.184932 0.246575 0.034247
0.041096 0.082192 0.123288 0.753425
0.061644 0.054795 0.746575 0.136986
0.780822 0.068493 0.109589 0.041096
0.054795 0.589041 0.061644 0.294521
0.280822 0.157534 0.369863 0.191781

MOTIF motif_11 motif_11
letter-probability matrix: alength= 4 w= 24
0.214815 0.377778 0.111111 0.296296
0.274074 0.088889 0.622222 0.014815
0.059259 0.022222 0.000000 0.918519
0.081481 0.859259 0.029630 0.029630
0.888889 0.022222 0.074074 0.014815
0.037037 0.340741 0.222222 0.400000
0.037037 0.548148 0.059259 0.355556
0.325926 0.037037 0.155556 0.481481
0.037037 0.000000 0.955556 0.007407
0.000000 0.000000 0.007407 0.992593
0.081481 0.162963 0.022222 0.733333
0.274074 0.037037 0.570370 0.118519
0.014815 0.888889 0.000000 0.096296
0.000000 0.525926 0.014815 0.459259
0.792593 0.022222 0.162963 0.022222
0.148148 0.044444 0.570370 0.237037
0.059259 0.111111 0.814815 0.014815
0.148148 0.288889 0.370370 0.192593
0.562963 0.118519 0.177778 0.140741
0.422222 0.081481 0.407407 0.088889
0.496296 0.155556 0.214815 0.133333
0.229630 0.214815 0.162963 0.392593
0.274074 0.162963 0.274074 0.288889
0.237037 0.207407 0.222222 0.333333

MOTIF motif_2 motif_2
letter-probability matrix: alength= 4 w= 24
0.310924 0.168067 0.294118 0.226891
0.176471 0.168067 0.168067 0.487395
0.142857 0.605042 0.050420 0.201681
0.445378 0.134454 0.277311 0.142857
0.142857 0.327731 0.210084 0.319328
0.042017 0.445378 0.134454 0.378151
0.285714 0.042017 0.193277 0.478992
0.016807 0.000000 0.957983 0.025210
0.008403 0.025210 0.042017 0.924370
0.016807 0.067227 0.058824 0.857143
0.084034 0.016807 0.848739 0.050420
0.016807 0.882353 0.016807 0.084034
0.025210 0.428571 0.000000 0.546218
0.764706 0.050420 0.117647 0.067227
0.285714 0.016807 0.537815 0.159664
0.016807 0.033613 0.924370 0.025210
0.168067 0.420168 0.277311 0.134454
0.588235 0.050420 0.243697 0.117647
0.378151 0.067227 0.478992 0.075630
0.411765 0.243697 0.252101 0.092437
0.394958 0.310924 0.092437 0.201681
0.453782 0.067227 0.184874 0.294118
0.184874 0.134454 0.319328 0.361345
0.319328 0.235294 0.184874 0.260504

