MEME version 4

ALPHABET= ACGT

strands: + -

MOTIF motif_1 motif_1
letter-probability matrix: alength= 4 w= 24
0.136752 0.183761 0.256410 0.423077
0.102564 0.311966 0.256410 0.329060
0.149573 0.376068 0.081197 0.393162
0.017094 0.004274 0.012821 0.965812
0.000000 0.004274 0.978632 0.017094
0.034188 0.136752 0.000000 0.829060
0.000000 0.004274 0.991453 0.004274
0.000000 0.000000 1.000000 0.000000
0.004274 0.047009 0.025641 0.923077
0.017094 0.188034 0.042735 0.752137
0.435897 0.038462 0.051282 0.474359
0.213675 0.170940 0.286325 0.329060
0.213675 0.222222 0.239316 0.324786
0.222222 0.188034 0.311966 0.277778
0.226496 0.149573 0.282051 0.341880
0.162393 0.226496 0.290598 0.320513
0.213675 0.162393 0.277778 0.346154
0.222222 0.213675 0.252137 0.311966
0.239316 0.269231 0.158120 0.333333
0.269231 0.252137 0.217949 0.260684
0.337607 0.235043 0.200855 0.226496
0.243590 0.222222 0.235043 0.299145
0.256410 0.239316 0.183761 0.320513
0.264957 0.222222 0.243590 0.269231

MOTIF motif_7 motif_7
letter-probability matrix: alength= 4 w= 24
0.296296 0.083333 0.250000 0.370370
0.263889 0.356481 0.208333 0.171296
0.175926 0.287037 0.282407 0.254630
0.351852 0.087963 0.328704 0.231481
0.203704 0.245370 0.310185 0.240741
0.236111 0.212963 0.208333 0.342593
0.175926 0.162037 0.171296 0.490741
0.125000 0.018519 0.023148 0.833333
0.000000 0.018519 0.976852 0.004630
0.046296 0.092593 0.023148 0.837963
0.009259 0.004630 0.972222 0.013889
0.004630 0.023148 0.944444 0.027778
0.004630 0.041667 0.018519 0.935185
0.050926 0.337963 0.032407 0.578704
0.481481 0.083333 0.125000 0.310185
0.212963 0.199074 0.263889 0.324074
0.189815 0.268519 0.319444 0.222222
0.157407 0.208333 0.296296 0.337963
0.282407 0.101852 0.226852 0.388889
0.305556 0.231481 0.125000 0.337963
0.347222 0.199074 0.305556 0.148148
0.226852 0.287037 0.226852 0.259259
0.226852 0.296296 0.152778 0.324074
0.282407 0.314815 0.175926 0.226852

MOTIF motif_5 motif_5
letter-probability matrix: alength= 4 w= 24
0.352657 0.285024 0.198068 0.164251
0.405797 0.280193 0.164251 0.149758
0.376812 0.260870 0.178744 0.183575
0.256039 0.367150 0.164251 0.212560
0.299517 0.338164 0.193237 0.169082
0.338164 0.289855 0.173913 0.198068
0.623188 0.048309 0.043478 0.285024
0.850242 0.014493 0.111111 0.024155
0.956522 0.004831 0.038647 0.000000
0.004831 0.990338 0.000000 0.004831
0.000000 1.000000 0.000000 0.000000
0.811594 0.004831 0.154589 0.028986
0.009662 0.975845 0.000000 0.014493
0.985507 0.009662 0.000000 0.004831
0.381643 0.038647 0.502415 0.077295
0.347826 0.231884 0.207729 0.212560
0.304348 0.217391 0.231884 0.246377
0.304348 0.231884 0.217391 0.246377
0.251208 0.304348 0.188406 0.256039
0.164251 0.318841 0.217391 0.299517
0.251208 0.217391 0.260870 0.270531
0.352657 0.270531 0.164251 0.212560
0.338164 0.256039 0.159420 0.246377
0.289855 0.256039 0.140097 0.314010

MOTIF motif_2 motif_2
letter-probability matrix: alength= 4 w= 24
0.775862 0.094828 0.107759 0.021552
0.000000 0.995690 0.000000 0.004310
0.021552 0.965517 0.000000 0.012931
0.793103 0.012931 0.125000 0.068966
0.008621 0.974138 0.000000 0.017241
0.913793 0.047414 0.000000 0.038793
0.629310 0.047414 0.262931 0.060345
0.422414 0.250000 0.258621 0.068966
0.379310 0.340517 0.137931 0.142241
0.383621 0.176724 0.159483 0.280172
0.228448 0.176724 0.357759 0.237069
0.258621 0.387931 0.202586 0.150862
0.487069 0.125000 0.168103 0.219828
0.250000 0.318966 0.284483 0.146552
0.288793 0.241379 0.176724 0.293103
0.250000 0.323276 0.163793 0.262931
0.254310 0.198276 0.193966 0.353448
0.280172 0.137931 0.284483 0.297414
0.189655 0.189655 0.237069 0.383621
0.310345 0.193966 0.314655 0.181034
0.245690 0.250000 0.327586 0.176724
0.267241 0.297414 0.228448 0.206897
0.357759 0.327586 0.116379 0.198276
0.375000 0.383621 0.129310 0.112069

