MEME version 4

ALPHABET= ACGT

strands: + -

MOTIF motif_1 motif_1
letter-probability matrix: alength= 4 w= 24
0.246269 0.268657 0.223881 0.261194
0.343284 0.261194 0.201493 0.194030
0.179104 0.313433 0.335821 0.171642
0.686567 0.067164 0.082090 0.164179
0.007463 0.029851 0.940299 0.022388
0.111940 0.552239 0.104478 0.231343
0.037313 0.231343 0.477612 0.253731
0.044776 0.768657 0.104478 0.082090
0.000000 0.880597 0.067164 0.052239
0.380597 0.410448 0.029851 0.179104
0.082090 0.559701 0.141791 0.216418
0.007463 0.888060 0.029851 0.074627
0.261194 0.231343 0.037313 0.470149
0.223881 0.111940 0.365672 0.298507
0.059701 0.343284 0.470149 0.126866
0.134328 0.320896 0.022388 0.522388
0.149254 0.037313 0.708955 0.104478
0.186567 0.074627 0.477612 0.261194
0.305970 0.276119 0.179104 0.238806
0.201493 0.402985 0.253731 0.141791
0.231343 0.104478 0.470149 0.194030
0.141791 0.283582 0.201493 0.373134
0.253731 0.194030 0.149254 0.402985
0.402985 0.044776 0.350746 0.201493

MOTIF motif_2 motif_2
letter-probability matrix: alength= 4 w= 24
0.226950 0.070922 0.602837 0.099291
0.028369 0.914894 0.021277 0.035461
0.014184 0.985816 0.000000 0.000000
0.638298 0.042553 0.255319 0.063830
0.014184 0.716312 0.255319 0.014184
0.099291 0.666667 0.070922 0.163121
0.758865 0.035461 0.028369 0.177305
0.049645 0.007092 0.943262 0.000000
0.404255 0.049645 0.539007 0.007092
0.049645 0.028369 0.475177 0.446809
0.021277 0.007092 0.964539 0.007092
0.049645 0.000000 0.929078 0.021277
0.042553 0.836879 0.035461 0.085106
0.255319 0.120567 0.581560 0.042553
0.141844 0.503546 0.290780 0.063830
0.156028 0.404255 0.070922 0.368794
0.397163 0.198582 0.312057 0.092199
0.106383 0.283688 0.368794 0.241135
0.340426 0.198582 0.241135 0.219858
0.156028 0.163121 0.574468 0.106383
0.205674 0.390071 0.304965 0.099291
0.248227 0.312057 0.226950 0.212766
0.127660 0.510638 0.156028 0.205674
0.255319 0.460993 0.078014 0.205674

MOTIF motif_10 motif_10
letter-probability matrix: alength= 4 w= 24
0.141935 0.193548 0.496774 0.167742
0.174194 0.038710 0.477419 0.309677
0.058065 0.309677 0.490323 0.141935
0.141935 0.438710 0.174194 0.245161
0.058065 0.587097 0.135484 0.219355
0.425806 0.225806 0.122581 0.225806
0.258065 0.303226 0.283871 0.154839
0.064516 0.180645 0.238710 0.516129
0.354839 0.206452 0.322581 0.116129
0.083871 0.245161 0.503226 0.167742
0.064516 0.458065 0.174194 0.303226
0.051613 0.090323 0.780645 0.077419
0.045161 0.909677 0.025806 0.019355
0.012903 0.974194 0.006452 0.006452
0.387097 0.464516 0.077419 0.070968
0.064516 0.580645 0.096774 0.258065
0.154839 0.780645 0.038710 0.025806
0.212903 0.058065 0.025806 0.703226
0.245161 0.070968 0.638710 0.045161
0.045161 0.303226 0.619355 0.032258
0.122581 0.141935 0.245161 0.490323
0.000000 0.096774 0.870968 0.032258
0.077419 0.090323 0.787097 0.045161
0.148387 0.638710 0.038710 0.174194

