MEME version 4

ALPHABET= ACGT

strands: + -

MOTIF motif_5 motif_5
letter-probability matrix: alength= 4 w= 24
0.174497 0.489933 0.114094 0.221477
0.127517 0.369128 0.295302 0.208054
0.107383 0.436242 0.322148 0.134228
0.093960 0.416107 0.302013 0.187919
0.140940 0.302013 0.348993 0.208054
0.134228 0.328859 0.416107 0.120805
0.134228 0.449664 0.261745 0.154362
0.080537 0.563758 0.073826 0.281879
0.046980 0.255034 0.288591 0.409396
0.040268 0.671141 0.194631 0.093960
0.000000 0.369128 0.087248 0.543624
0.026846 0.248322 0.617450 0.107383
0.986577 0.000000 0.013423 0.000000
0.006711 0.020134 0.020134 0.953020
0.000000 0.000000 0.006711 0.993289
0.000000 0.000000 0.993289 0.006711
0.006711 0.013423 0.979866 0.000000
0.161074 0.536913 0.080537 0.221477
0.026846 0.416107 0.120805 0.436242
0.248322 0.194631 0.510067 0.046980
0.302013 0.174497 0.449664 0.073826
0.261745 0.275168 0.275168 0.187919
0.214765 0.161074 0.382550 0.241611
0.120805 0.476510 0.328859 0.073826

MOTIF motif_9 motif_9
letter-probability matrix: alength= 4 w= 24
0.252874 0.367816 0.264368 0.114943
0.183908 0.275862 0.402299 0.137931
0.080460 0.436782 0.241379 0.241379
0.022989 0.517241 0.183908 0.275862
0.517241 0.091954 0.321839 0.068966
0.252874 0.022989 0.586207 0.137931
0.000000 1.000000 0.000000 0.000000
0.011494 0.977011 0.011494 0.000000
0.954023 0.011494 0.000000 0.034483
1.000000 0.000000 0.000000 0.000000
0.011494 0.011494 0.000000 0.977011
0.068966 0.678161 0.195402 0.057471
0.770115 0.045977 0.172414 0.011494
0.091954 0.103448 0.804598 0.000000
0.459770 0.425287 0.103448 0.011494
0.321839 0.011494 0.563218 0.103448
0.287356 0.218391 0.310345 0.183908
0.091954 0.402299 0.379310 0.126437
0.126437 0.551724 0.241379 0.080460
0.126437 0.137931 0.482759 0.252874
0.137931 0.482759 0.333333 0.045977
0.206897 0.344828 0.333333 0.114943
0.275862 0.160920 0.390805 0.172414
0.218391 0.310345 0.310345 0.160920

MOTIF motif_2 motif_2
letter-probability matrix: alength= 4 w= 24
0.307692 0.128205 0.564103 0.000000
0.128205 0.538462 0.307692 0.025641
0.230769 0.384615 0.230769 0.153846
0.153846 0.179487 0.461538 0.205128
0.051282 0.153846 0.692308 0.102564
0.076923 0.282051 0.512821 0.128205
0.974359 0.025641 0.000000 0.000000
0.846154 0.025641 0.128205 0.000000
0.487179 0.153846 0.333333 0.025641
0.846154 0.025641 0.051282 0.076923
0.000000 0.641026 0.153846 0.205128
0.000000 0.641026 0.307692 0.051282
0.076923 0.564103 0.000000 0.358974
0.000000 0.000000 1.000000 0.000000
0.076923 0.025641 0.897436 0.000000
0.487179 0.333333 0.128205 0.051282
0.076923 0.333333 0.487179 0.102564
0.051282 0.666667 0.025641 0.256410
0.025641 0.128205 0.692308 0.153846
0.025641 0.102564 0.846154 0.025641
0.538462 0.128205 0.307692 0.025641
0.051282 0.307692 0.307692 0.333333
0.102564 0.461538 0.076923 0.358974
0.230769 0.333333 0.256410 0.179487

