MEME version 4

ALPHABET= ACGT

strands: + -

MOTIF motif_1 motif_1
letter-probability matrix: alength= 4 w= 24
0.000000 0.945378 0.054622 0.000000
0.945378 0.000000 0.021008 0.033613
0.004202 0.773109 0.193277 0.029412
0.004202 0.000000 0.004202 0.991597
0.000000 0.000000 0.000000 1.000000
0.000000 1.000000 0.000000 0.000000
0.000000 0.932773 0.000000 0.067227
0.000000 0.239496 0.067227 0.693277
0.004202 0.781513 0.092437 0.121849
0.226891 0.046218 0.008403 0.718487
0.050420 0.054622 0.004202 0.890756
0.092437 0.088235 0.016807 0.802521
0.033613 0.315126 0.084034 0.567227
0.117647 0.323529 0.134454 0.424370
0.243697 0.189076 0.298319 0.268908
0.239496 0.231092 0.243697 0.285714
0.268908 0.239496 0.176471 0.315126
0.214286 0.277311 0.222689 0.285714
0.256303 0.268908 0.151261 0.323529
0.197479 0.264706 0.214286 0.323529
0.268908 0.235294 0.189076 0.306723
0.256303 0.264706 0.193277 0.285714
0.189076 0.239496 0.260504 0.310924
0.231092 0.231092 0.226891 0.310924

MOTIF motif_13 motif_13
letter-probability matrix: alength= 4 w= 24
0.392157 0.169935 0.169935 0.267974
0.261438 0.287582 0.196078 0.254902
0.261438 0.267974 0.222222 0.248366
0.522876 0.084967 0.267974 0.124183
0.529412 0.052288 0.385621 0.032680
0.973856 0.006536 0.019608 0.000000
0.934641 0.006536 0.026144 0.032680
0.790850 0.006536 0.019608 0.183007
0.091503 0.065359 0.836601 0.006536
0.718954 0.026144 0.248366 0.006536
0.026144 0.000000 0.973856 0.000000
0.000000 0.000000 1.000000 0.000000
1.000000 0.000000 0.000000 0.000000
0.980392 0.000000 0.000000 0.019608
0.039216 0.228758 0.725490 0.006536
0.013072 0.013072 0.000000 0.973856
0.019608 0.052288 0.921569 0.006536
0.542484 0.156863 0.248366 0.052288
0.398693 0.156863 0.241830 0.202614
0.529412 0.130719 0.150327 0.189542
0.267974 0.287582 0.241830 0.202614
0.287582 0.241830 0.143791 0.326797
0.267974 0.228758 0.261438 0.241830
0.385621 0.169935 0.189542 0.254902

MOTIF motif_5 motif_5
letter-probability matrix: alength= 4 w= 24
0.258929 0.214286 0.285714 0.241071
0.357143 0.285714 0.133929 0.223214
0.294643 0.258929 0.089286 0.357143
0.205357 0.339286 0.178571 0.276786
0.294643 0.321429 0.107143 0.276786
0.508929 0.071429 0.285714 0.133929
0.053571 0.205357 0.607143 0.133929
0.035714 0.098214 0.008929 0.857143
0.062500 0.071429 0.008929 0.857143
0.000000 0.089286 0.026786 0.883929
0.008929 0.955357 0.026786 0.008929
0.919643 0.000000 0.017857 0.062500
0.026786 0.625000 0.312500 0.035714
0.017857 0.017857 0.000000 0.964286
0.000000 0.000000 0.000000 1.000000
0.017857 0.973214 0.008929 0.000000
0.000000 0.910714 0.000000 0.089286
0.000000 0.330357 0.080357 0.589286
0.008929 0.732143 0.107143 0.151786
0.375000 0.089286 0.008929 0.526786
0.133929 0.151786 0.035714 0.678571
0.214286 0.178571 0.026786 0.580357
0.107143 0.375000 0.151786 0.366071
0.142857 0.330357 0.169643 0.357143

MOTIF motif_2 motif_2
letter-probability matrix: alength= 4 w= 24
0.683036 0.008929 0.044643 0.263393
0.133929 0.062500 0.785714 0.017857
0.691964 0.022321 0.276786 0.008929
0.035714 0.000000 0.964286 0.000000
0.000000 0.000000 1.000000 0.000000
1.000000 0.000000 0.000000 0.000000
0.986607 0.000000 0.000000 0.013393
0.026786 0.227679 0.741071 0.004464
0.004464 0.008929 0.004464 0.982143
0.008929 0.026786 0.964286 0.000000
0.625000 0.107143 0.232143 0.035714
0.486607 0.133929 0.254464 0.125000
0.665179 0.111607 0.089286 0.133929
0.245536 0.370536 0.227679 0.156250
0.250000 0.258929 0.147321 0.343750
0.263393 0.214286 0.263393 0.258929
0.361607 0.160714 0.236607 0.241071
0.267857 0.214286 0.299107 0.218750
0.325893 0.165179 0.245536 0.263393
0.232143 0.191964 0.299107 0.276786
0.285714 0.196429 0.299107 0.218750
0.272321 0.183036 0.281250 0.263393
0.276786 0.196429 0.299107 0.227679
0.263393 0.214286 0.272321 0.250000

