MEME version 4

ALPHABET= ACGT

strands: + -

MOTIF motif_1 motif_1
letter-probability matrix: alength= 4 w= 24
0.250591 0.286052 0.262411 0.200946
0.283688 0.219858 0.300236 0.196217
0.208038 0.288416 0.262411 0.241135
0.248227 0.333333 0.219858 0.198582
0.416076 0.217494 0.125296 0.241135
0.200946 0.158392 0.122931 0.517730
0.134752 0.094563 0.501182 0.269504
0.153664 0.328605 0.366430 0.151300
0.028369 0.943262 0.016548 0.011820
0.000000 0.952719 0.000000 0.047281
0.591017 0.026005 0.028369 0.354610
0.260047 0.044917 0.047281 0.647754
0.789598 0.016548 0.063830 0.130024
0.096927 0.085106 0.009456 0.808511
0.628842 0.033097 0.040189 0.297872
0.382979 0.028369 0.059102 0.529551
0.070922 0.000000 0.929078 0.000000
0.007092 0.023641 0.938534 0.030733
0.212766 0.290780 0.326241 0.170213
0.234043 0.515366 0.146572 0.104019
0.515366 0.101655 0.144208 0.238771
0.184397 0.167849 0.226950 0.420804
0.255319 0.236407 0.302600 0.205674
0.191489 0.236407 0.316785 0.255319

MOTIF motif_2 motif_2
letter-probability matrix: alength= 4 w= 24
0.116279 0.097674 0.400000 0.386047
0.120930 0.293023 0.427907 0.158140
0.023256 0.916279 0.037209 0.023256
0.069767 0.841860 0.046512 0.041860
0.348837 0.097674 0.069767 0.483721
0.172093 0.130233 0.167442 0.530233
0.516279 0.158140 0.065116 0.260465
0.111628 0.134884 0.027907 0.725581
0.539535 0.102326 0.065116 0.293023
0.209302 0.120930 0.223256 0.446512
0.144186 0.032558 0.804651 0.018605
0.079070 0.079070 0.776744 0.065116
0.181395 0.520930 0.172093 0.125581
0.446512 0.274419 0.153488 0.125581
0.353488 0.274419 0.069767 0.302326
0.255814 0.065116 0.065116 0.613953
0.116279 0.144186 0.325581 0.413953
0.120930 0.488372 0.260465 0.130233
0.023256 0.632558 0.032558 0.311628
0.069767 0.186047 0.209302 0.534884
0.069767 0.134884 0.227907 0.567442
0.097674 0.302326 0.269767 0.330233
0.167442 0.460465 0.265116 0.106977
0.111628 0.172093 0.190698 0.525581

MOTIF motif_4 motif_4
letter-probability matrix: alength= 4 w= 24
0.278075 0.251337 0.315508 0.155080
0.379679 0.171123 0.310160 0.139037
0.294118 0.262032 0.133690 0.310160
0.251337 0.417112 0.224599 0.106952
0.459893 0.122995 0.139037 0.278075
0.192513 0.304813 0.058824 0.443850
0.122995 0.096257 0.352941 0.427807
0.171123 0.181818 0.390374 0.256684
0.048128 0.871658 0.037433 0.042781
0.005348 0.903743 0.080214 0.010695
0.566845 0.155080 0.048128 0.229947
0.379679 0.064171 0.037433 0.518717
0.866310 0.037433 0.021390 0.074866
0.197861 0.026738 0.016043 0.759358
0.807487 0.005348 0.010695 0.176471
0.534759 0.048128 0.090909 0.326203
0.106952 0.048128 0.839572 0.005348
0.000000 0.000000 1.000000 0.000000
0.155080 0.213904 0.454545 0.176471
0.427807 0.475936 0.021390 0.074866
0.737968 0.042781 0.176471 0.042781
0.272727 0.165775 0.160428 0.401070
0.197861 0.106952 0.342246 0.352941
0.181818 0.203209 0.363636 0.251337

