MEME version 4

ALPHABET= ACGT

strands: + -

MOTIF motif_1 motif_1
letter-probability matrix: alength= 4 w= 24
0.722222 0.070707 0.166667 0.040404
0.217172 0.020202 0.646465 0.116162
0.000000 0.030303 0.959596 0.010101
0.000000 0.000000 0.000000 1.000000
0.015152 0.000000 0.979798 0.005051
0.095960 0.065657 0.000000 0.838384
0.025253 0.050505 0.606061 0.318182
0.969697 0.000000 0.015152 0.015152
0.555556 0.080808 0.161616 0.202020
0.449495 0.176768 0.116162 0.257576
0.303030 0.171717 0.075758 0.449495
0.272727 0.161616 0.166667 0.398990
0.308081 0.328283 0.181818 0.181818
0.277778 0.151515 0.202020 0.368687
0.308081 0.202020 0.242424 0.247475
0.393939 0.101010 0.217172 0.287879
0.287879 0.161616 0.242424 0.308081
0.232323 0.116162 0.212121 0.439394
0.227273 0.191919 0.267677 0.313131
0.343434 0.181818 0.217172 0.257576
0.323232 0.227273 0.146465 0.303030
0.297980 0.232323 0.156566 0.313131
0.303030 0.196970 0.212121 0.287879
0.257576 0.186869 0.242424 0.313131

MOTIF motif_11 motif_11
letter-probability matrix: alength= 4 w= 24
0.366279 0.255814 0.116279 0.261628
0.220930 0.203488 0.319767 0.255814
0.296512 0.290698 0.220930 0.191860
0.261628 0.180233 0.162791 0.395349
0.174419 0.226744 0.348837 0.250000
0.383721 0.197674 0.209302 0.209302
0.395349 0.151163 0.261628 0.191860
0.360465 0.168605 0.116279 0.354651
0.093023 0.215116 0.151163 0.540698
0.023256 0.052326 0.005814 0.918605
0.354651 0.488372 0.122093 0.034884
0.767442 0.000000 0.075581 0.156977
0.000000 1.000000 0.000000 0.000000
0.982558 0.011628 0.000000 0.005814
0.069767 0.860465 0.058140 0.011628
0.139535 0.575581 0.052326 0.232558
0.040698 0.017442 0.058140 0.883721
0.104651 0.273256 0.156977 0.465116
0.069767 0.186047 0.220930 0.523256
0.215116 0.250000 0.273256 0.261628
0.180233 0.226744 0.127907 0.465116
0.250000 0.313953 0.180233 0.255814
0.412791 0.081395 0.139535 0.366279
0.308140 0.238372 0.122093 0.331395

MOTIF motif_14 motif_14
letter-probability matrix: alength= 4 w= 24
0.268199 0.337165 0.160920 0.233716
0.310345 0.222222 0.053640 0.413793
0.383142 0.214559 0.203065 0.199234
0.260536 0.249042 0.118774 0.371648
0.275862 0.114943 0.325670 0.283525
0.394636 0.141762 0.275862 0.187739
0.229885 0.057471 0.486590 0.226054
0.095785 0.149425 0.363985 0.390805
0.402299 0.111111 0.352490 0.134100
0.295019 0.107280 0.318008 0.279693
0.191571 0.164751 0.371648 0.272031
0.298851 0.045977 0.176245 0.478927
0.245211 0.298851 0.337165 0.118774
0.183908 0.176245 0.191571 0.448276
0.402299 0.103448 0.417625 0.076628
0.839080 0.042146 0.057471 0.061303
0.429119 0.160920 0.237548 0.172414
0.252874 0.114943 0.505747 0.126437
0.038314 0.080460 0.042146 0.839080
0.111111 0.383142 0.463602 0.042146
0.762452 0.011494 0.107280 0.118774
0.137931 0.429119 0.337165 0.095785
0.927203 0.000000 0.053640 0.019157
0.091954 0.295019 0.444444 0.168582

