MEME version 4

ALPHABET= ACGT

strands: + -

MOTIF motif_2 motif_2
letter-probability matrix: alength= 4 w= 24
0.336364 0.266667 0.260606 0.136364
0.266667 0.300000 0.254545 0.178788
0.293939 0.327273 0.212121 0.166667
0.384848 0.196970 0.190909 0.227273
0.357576 0.203030 0.433333 0.006061
0.000000 1.000000 0.000000 0.000000
0.990909 0.000000 0.006061 0.003030
0.003030 0.263636 0.712121 0.021212
0.042424 0.727273 0.230303 0.000000
0.009091 0.003030 0.015152 0.972727
0.006061 0.000000 0.990909 0.003030
0.024242 0.409091 0.269697 0.296970
0.136364 0.348485 0.060606 0.454545
0.209091 0.257576 0.287879 0.245455
0.121212 0.357576 0.303030 0.218182
0.257576 0.193939 0.287879 0.260606
0.206061 0.178788 0.351515 0.263636
0.251515 0.254545 0.312121 0.181818
0.172727 0.345455 0.233333 0.248485
0.269697 0.272727 0.196970 0.260606
0.260606 0.251515 0.239394 0.248485
0.290909 0.278788 0.193939 0.236364
0.287879 0.196970 0.278788 0.236364
0.284848 0.266667 0.266667 0.181818

MOTIF motif_6 motif_6
letter-probability matrix: alength= 4 w= 24
0.453608 0.061856 0.298969 0.185567
0.353952 0.189003 0.446735 0.010309
0.010309 0.972509 0.000000 0.017182
1.000000 0.000000 0.000000 0.000000
0.000000 0.168385 0.810997 0.020619
0.000000 0.704467 0.281787 0.013746
0.010309 0.003436 0.003436 0.982818
0.003436 0.003436 0.993127 0.000000
0.017182 0.587629 0.137457 0.257732
0.316151 0.195876 0.189003 0.298969
0.209622 0.312715 0.271478 0.206186
0.247423 0.192440 0.175258 0.384880
0.161512 0.309278 0.281787 0.247423
0.374570 0.250859 0.134021 0.240550
0.305842 0.209622 0.281787 0.202749
0.161512 0.292096 0.295533 0.250859
0.247423 0.261168 0.171821 0.319588
0.257732 0.223368 0.261168 0.257732
0.281787 0.216495 0.254296 0.247423
0.175258 0.247423 0.378007 0.199313
0.243986 0.309278 0.164948 0.281787
0.278351 0.268041 0.233677 0.219931
0.175258 0.240550 0.295533 0.288660
0.209622 0.254296 0.274914 0.261168

MOTIF motif_14 motif_14
letter-probability matrix: alength= 4 w= 24
0.297030 0.440594 0.153465 0.108911
0.198020 0.400990 0.138614 0.262376
0.128713 0.470297 0.316832 0.084158
0.480198 0.242574 0.108911 0.168317
0.292079 0.163366 0.361386 0.183168
0.272277 0.252475 0.262376 0.212871
0.430693 0.193069 0.287129 0.089109
0.004950 0.905941 0.089109 0.000000
0.900990 0.074257 0.004950 0.019802
0.009901 0.514851 0.405941 0.069307
0.024752 0.801980 0.148515 0.024752
0.074257 0.089109 0.034653 0.801980
0.049505 0.009901 0.896040 0.044554
0.034653 0.366337 0.430693 0.168317
0.123762 0.346535 0.306931 0.222772
0.227723 0.202970 0.212871 0.356436
0.049505 0.534653 0.252475 0.163366
0.044554 0.282178 0.341584 0.331683
0.084158 0.267327 0.287129 0.361386
0.188119 0.440594 0.257426 0.113861
0.331683 0.084158 0.173267 0.410891
0.108911 0.405941 0.272277 0.212871
0.371287 0.282178 0.133663 0.212871
0.103960 0.301980 0.237624 0.356436

