MEME version 4

ALPHABET= ACGT

strands: + -

MOTIF motif_1 motif_1
letter-probability matrix: alength= 4 w= 24
0.266667 0.290909 0.151515 0.290909
0.278788 0.321212 0.236364 0.163636
0.206061 0.315152 0.163636 0.315152
0.272727 0.187879 0.278788 0.260606
0.327273 0.206061 0.151515 0.315152
0.230303 0.218182 0.127273 0.424242
0.066667 0.381818 0.163636 0.387879
0.090909 0.521212 0.096970 0.290909
0.006061 0.836364 0.042424 0.115152
0.000000 0.048485 0.000000 0.951515
0.000000 0.084848 0.000000 0.915152
0.012121 0.012121 0.000000 0.975758
0.024242 0.175758 0.739394 0.060606
0.903030 0.000000 0.000000 0.096970
0.121212 0.012121 0.042424 0.824242
0.030303 0.236364 0.727273 0.006061
0.036364 0.036364 0.006061 0.921212
0.096970 0.139394 0.563636 0.200000
0.042424 0.127273 0.654545 0.175758
0.060606 0.175758 0.193939 0.569697
0.206061 0.169697 0.224242 0.400000
0.290909 0.151515 0.157576 0.400000
0.236364 0.242424 0.175758 0.345455
0.321212 0.121212 0.206061 0.351515

MOTIF motif_13 motif_13
letter-probability matrix: alength= 4 w= 24
0.312500 0.182292 0.223958 0.281250
0.234375 0.239583 0.177083 0.348958
0.109375 0.322917 0.229167 0.338542
0.072917 0.458333 0.145833 0.322917
0.026042 0.718750 0.052083 0.203125
0.031250 0.041667 0.000000 0.927083
0.005208 0.052083 0.036458 0.906250
0.005208 0.000000 0.000000 0.994792
0.010417 0.036458 0.932292 0.020833
0.932292 0.000000 0.005208 0.062500
0.197917 0.000000 0.015625 0.786458
0.005208 0.255208 0.739583 0.000000
0.046875 0.031250 0.005208 0.916667
0.046875 0.125000 0.567708 0.260417
0.078125 0.135417 0.583333 0.203125
0.062500 0.239583 0.203125 0.494792
0.177083 0.182292 0.223958 0.416667
0.239583 0.218750 0.223958 0.317708
0.281250 0.244792 0.203125 0.270833
0.229167 0.276042 0.156250 0.338542
0.307292 0.187500 0.270833 0.234375
0.291667 0.182292 0.250000 0.276042
0.244792 0.213542 0.223958 0.317708
0.276042 0.187500 0.213542 0.322917

MOTIF motif_2 motif_2
letter-probability matrix: alength= 4 w= 24
0.240506 0.227848 0.322785 0.208861
0.316456 0.202532 0.145570 0.335443
0.284810 0.183544 0.322785 0.208861
0.417722 0.297468 0.183544 0.101266
0.202532 0.594937 0.088608 0.113924
0.234177 0.582278 0.120253 0.063291
0.911392 0.006329 0.018987 0.063291
0.000000 0.727848 0.246835 0.025316
0.803797 0.000000 0.000000 0.196203
0.037975 0.012658 0.000000 0.949367
0.025316 0.879747 0.082278 0.012658
1.000000 0.000000 0.000000 0.000000
0.936709 0.012658 0.044304 0.006329
0.955696 0.006329 0.031646 0.006329
0.126582 0.050633 0.816456 0.006329
0.316456 0.183544 0.449367 0.050633
0.348101 0.291139 0.297468 0.063291
0.386076 0.259494 0.177215 0.177215
0.303797 0.196203 0.183544 0.316456
0.183544 0.196203 0.246835 0.373418
0.310127 0.126582 0.265823 0.297468
0.316456 0.259494 0.234177 0.189873
0.272152 0.234177 0.297468 0.196203
0.316456 0.183544 0.297468 0.202532

MOTIF motif_10 motif_10
letter-probability matrix: alength= 4 w= 24
0.32 0.15 0.26 0.27
0.23 0.24 0.21 0.32
0.23 0.22 0.24 0.31
0.22 0.15 0.26 0.37
0.26 0.27 0.20 0.27
0.28 0.29 0.07 0.36
0.32 0.19 0.24 0.25
0.28 0.18 0.17 0.37
0.24 0.31 0.13 0.32
0.34 0.27 0.15 0.24
0.24 0.32 0.27 0.17
0.42 0.24 0.04 0.30
0.72 0.11 0.10 0.07
0.60 0.12 0.27 0.01
0.00 0.99 0.01 0.00
0.01 0.99 0.00 0.00
0.94 0.03 0.02 0.01
0.01 0.97 0.01 0.01
0.82 0.00 0.00 0.18
0.21 0.04 0.02 0.73
0.07 0.78 0.04 0.11
0.83 0.10 0.02 0.05
0.68 0.10 0.20 0.02
0.72 0.03 0.08 0.17

