MEME version 4

ALPHABET= ACGT

strands: + -

MOTIF motif_1 motif_1
letter-probability matrix: alength= 4 w= 24
0.016854 0.325843 0.494382 0.162921
0.477528 0.168539 0.286517 0.067416
0.292135 0.146067 0.106742 0.455056
0.084270 0.073034 0.292135 0.550562
0.061798 0.112360 0.410112 0.415730
0.174157 0.174157 0.556180 0.095506
0.146067 0.415730 0.314607 0.123596
0.095506 0.483146 0.241573 0.179775
0.134831 0.578652 0.185393 0.101124
0.511236 0.106742 0.292135 0.089888
0.269663 0.230337 0.426966 0.073034
0.348315 0.213483 0.230337 0.207865
0.061798 0.280899 0.370787 0.286517
0.078652 0.387640 0.275281 0.258427
0.157303 0.252809 0.325843 0.264045
0.202247 0.174157 0.561798 0.061798
0.241573 0.016854 0.730337 0.011236
0.112360 0.078652 0.117978 0.691011
0.011236 0.955056 0.028090 0.005618
0.876404 0.078652 0.011236 0.033708
0.044944 0.808989 0.005618 0.140449
0.269663 0.073034 0.606742 0.050562
0.011236 0.095506 0.039326 0.853933
0.011236 0.039326 0.932584 0.016854

MOTIF motif_13 motif_13
letter-probability matrix: alength= 4 w= 24
0.132979 0.404255 0.287234 0.175532
0.015957 0.952128 0.015957 0.015957
0.920213 0.047872 0.031915 0.000000
0.015957 0.792553 0.010638 0.180851
0.101064 0.010638 0.867021 0.021277
0.000000 0.010638 0.031915 0.957447
0.015957 0.015957 0.968085 0.000000
0.632979 0.117021 0.175532 0.074468
0.015957 0.765957 0.111702 0.106383
0.127660 0.457447 0.143617 0.271277
0.164894 0.468085 0.122340 0.244681
0.250000 0.154255 0.425532 0.170213
0.175532 0.356383 0.335106 0.132979
0.095745 0.313830 0.398936 0.191489
0.148936 0.425532 0.223404 0.202128
0.138298 0.345745 0.175532 0.340426
0.202128 0.335106 0.388298 0.074468
0.207447 0.127660 0.425532 0.239362
0.085106 0.404255 0.356383 0.154255
0.164894 0.632979 0.143617 0.058511
0.255319 0.574468 0.090426 0.079787
0.595745 0.207447 0.095745 0.101064
0.388298 0.234043 0.122340 0.255319
0.085106 0.382979 0.191489 0.340426

MOTIF motif_2 motif_2
letter-probability matrix: alength= 4 w= 24
0.165618 0.331237 0.301887 0.201258
0.161426 0.262055 0.362683 0.213836
0.188679 0.224319 0.498952 0.088050
0.186583 0.146751 0.635220 0.031447
0.069182 0.295597 0.180294 0.454927
0.000000 1.000000 0.000000 0.000000
0.995807 0.000000 0.004193 0.000000
0.000000 0.867925 0.004193 0.127883
0.104822 0.012579 0.880503 0.002096
0.002096 0.002096 0.002096 0.993711
0.000000 0.000000 1.000000 0.000000
0.507338 0.176101 0.280922 0.035639
0.025157 0.618449 0.182390 0.174004
0.102725 0.513627 0.199161 0.184486
0.201258 0.368973 0.278826 0.150943
0.211740 0.316562 0.314465 0.157233
0.186583 0.327044 0.368973 0.117400
0.165618 0.350105 0.310273 0.174004
0.153040 0.387841 0.272537 0.186583
0.136268 0.301887 0.295597 0.266247
0.218029 0.268344 0.364780 0.148847
0.224319 0.257862 0.360587 0.157233
0.148847 0.383648 0.324948 0.142558
0.163522 0.394130 0.280922 0.161426

MOTIF motif_10 motif_10
letter-probability matrix: alength= 4 w= 24
0.00 0.50 0.24 0.26
0.40 0.08 0.20 0.32
0.12 0.16 0.64 0.08
0.32 0.16 0.46 0.06
0.08 0.50 0.04 0.38
0.00 0.94 0.02 0.04
0.92 0.04 0.04 0.00
0.00 0.64 0.00 0.36
0.12 0.04 0.82 0.02
0.00 0.00 0.00 1.00
0.02 0.06 0.90 0.02
0.44 0.34 0.20 0.02
0.04 0.74 0.06 0.16
0.04 0.68 0.18 0.10
0.48 0.20 0.22 0.10
0.14 0.32 0.12 0.42
0.14 0.60 0.24 0.02
0.34 0.44 0.10 0.12
0.38 0.40 0.10 0.12
0.18 0.18 0.14 0.50
0.24 0.42 0.24 0.10
0.50 0.04 0.34 0.12
0.12 0.26 0.62 0.00
0.14 0.30 0.12 0.44

MOTIF motif_14 motif_14
letter-probability matrix: alength= 4 w= 24
0.131579 0.657895 0.105263 0.105263
0.342105 0.368421 0.131579 0.157895
0.210526 0.526316 0.236842 0.026316
0.526316 0.368421 0.078947 0.026316
0.447368 0.210526 0.236842 0.105263
0.394737 0.052632 0.315789 0.236842
0.236842 0.289474 0.315789 0.157895
0.289474 0.236842 0.342105 0.131579
0.421053 0.131579 0.315789 0.131579
0.368421 0.184211 0.078947 0.368421
0.131579 0.105263 0.368421 0.394737
0.026316 0.552632 0.263158 0.157895
0.315789 0.236842 0.210526 0.236842
0.184211 0.500000 0.184211 0.131579
0.394737 0.026316 0.131579 0.447368
0.078947 0.315789 0.473684 0.131579
0.684211 0.026316 0.131579 0.157895
0.052632 0.026316 0.921053 0.000000
0.052632 0.078947 0.131579 0.736842
0.000000 0.973684 0.026316 0.000000
0.973684 0.000000 0.000000 0.026316
0.052632 0.631579 0.105263 0.210526
0.026316 0.000000 0.973684 0.000000
0.000000 0.026316 0.078947 0.894737

