MEME version 4

ALPHABET= ACGT

strands: + -

MOTIF motif_1 motif_1
letter-probability matrix: alength= 4 w= 24
0.153392 0.268437 0.315634 0.262537
0.306785 0.294985 0.212389 0.185841
0.224189 0.227139 0.215339 0.333333
0.176991 0.321534 0.250737 0.250737
0.233038 0.135693 0.353982 0.277286
0.135693 0.179941 0.404130 0.280236
0.171091 0.289086 0.342183 0.197640
0.191740 0.297935 0.250737 0.259587
0.182891 0.415929 0.185841 0.215339
0.351032 0.289086 0.212389 0.147493
0.191740 0.268437 0.348083 0.191740
0.300885 0.262537 0.209440 0.227139
0.244838 0.274336 0.312684 0.168142
0.250737 0.333333 0.224189 0.191740
0.235988 0.233038 0.303835 0.227139
0.241888 0.179941 0.486726 0.091445
0.289086 0.109145 0.572271 0.029499
0.064897 0.206490 0.070796 0.657817
0.002950 0.994100 0.002950 0.000000
0.982301 0.008850 0.008850 0.000000
0.008850 0.837758 0.038348 0.115044
0.191740 0.023599 0.781711 0.002950
0.002950 0.005900 0.008850 0.982301
0.000000 0.000000 0.997050 0.002950

MOTIF motif_13 motif_13
letter-probability matrix: alength= 4 w= 24
0.209713 0.300221 0.264901 0.225166
0.225166 0.262693 0.284768 0.227373
0.253863 0.258278 0.267108 0.220751
0.222958 0.245033 0.260486 0.271523
0.216336 0.242826 0.331126 0.209713
0.214128 0.185430 0.454746 0.145695
0.242826 0.198675 0.525386 0.033113
0.134658 0.348786 0.092715 0.423841
0.011038 0.984547 0.002208 0.002208
0.971302 0.006623 0.006623 0.015453
0.004415 0.810155 0.022075 0.163355
0.099338 0.006623 0.894040 0.000000
0.011038 0.019868 0.015453 0.953642
0.002208 0.002208 0.993377 0.002208
0.501104 0.105960 0.320088 0.072848
0.024283 0.598234 0.172185 0.205298
0.083885 0.481236 0.172185 0.262693
0.247241 0.317881 0.194260 0.240618
0.218543 0.291391 0.278146 0.211921
0.220751 0.293598 0.328918 0.156733
0.205298 0.298013 0.275938 0.220751
0.198675 0.362031 0.245033 0.194260
0.260486 0.238411 0.256071 0.245033
0.240618 0.251656 0.326711 0.181015

MOTIF motif_2 motif_2
letter-probability matrix: alength= 4 w= 24
0.150685 0.389041 0.186301 0.273973
0.243836 0.071233 0.400000 0.284932
0.147945 0.142466 0.484932 0.224658
0.230137 0.060274 0.706849 0.002740
0.038356 0.197260 0.115068 0.649315
0.024658 0.893151 0.046575 0.035616
0.863014 0.065753 0.016438 0.054795
0.030137 0.539726 0.241096 0.189041
0.276712 0.172603 0.531507 0.019178
0.065753 0.030137 0.057534 0.846575
0.021918 0.021918 0.945205 0.010959
0.463014 0.175342 0.273973 0.087671
0.095890 0.526027 0.128767 0.249315
0.134247 0.287671 0.364384 0.213699
0.175342 0.304110 0.350685 0.169863
0.216438 0.287671 0.227397 0.268493
0.175342 0.400000 0.295890 0.128767
0.375342 0.104110 0.271233 0.249315
0.167123 0.476712 0.241096 0.115068
0.361644 0.169863 0.290411 0.178082
0.216438 0.200000 0.254795 0.328767
0.246575 0.268493 0.326027 0.158904
0.328767 0.336986 0.257534 0.076712
0.175342 0.375342 0.180822 0.268493

MOTIF motif_10 motif_10
letter-probability matrix: alength= 4 w= 24
0.237395 0.258403 0.266807 0.237395
0.226891 0.231092 0.302521 0.239496
0.216387 0.195378 0.485294 0.102941
0.252101 0.170168 0.558824 0.018908
0.096639 0.313025 0.088235 0.502101
0.000000 1.000000 0.000000 0.000000
0.989496 0.004202 0.000000 0.006303
0.000000 0.840336 0.031513 0.128151
0.161765 0.029412 0.806723 0.002101
0.004202 0.002101 0.002101 0.991597
0.002101 0.000000 0.995798 0.002101
0.508403 0.105042 0.308824 0.077731
0.033613 0.586134 0.161765 0.218487
0.105042 0.457983 0.199580 0.237395
0.237395 0.369748 0.195378 0.197479
0.233193 0.273109 0.256303 0.237395
0.207983 0.268908 0.325630 0.197479
0.231092 0.271008 0.277311 0.220588
0.168067 0.367647 0.247899 0.216387
0.252101 0.231092 0.275210 0.241597
0.222689 0.247899 0.321429 0.207983
0.239496 0.254202 0.281513 0.224790
0.193277 0.298319 0.296218 0.212185
0.199580 0.355042 0.243697 0.201681

MOTIF motif_6 motif_6
letter-probability matrix: alength= 4 w= 24
0.274448 0.148265 0.372240 0.205047
0.123028 0.347003 0.384858 0.145110
0.223975 0.211356 0.384858 0.179811
0.236593 0.195584 0.233438 0.334385
0.056782 0.637224 0.230284 0.075710
0.652997 0.201893 0.094637 0.050473
0.214511 0.268139 0.280757 0.236593
0.034700 0.094637 0.867508 0.003155
0.000000 0.094637 0.012618 0.892744
0.022082 0.457413 0.492114 0.028391
0.933754 0.009464 0.028391 0.028391
0.012618 0.921136 0.044164 0.022082
0.353312 0.182965 0.302839 0.160883
0.119874 0.189274 0.116719 0.574132
0.264984 0.085174 0.580442 0.069401
0.264984 0.164038 0.321767 0.249211
0.053628 0.280757 0.419558 0.246057
0.104101 0.372240 0.246057 0.277603
0.264984 0.391167 0.151420 0.192429
0.145110 0.324921 0.271293 0.258675
0.217666 0.394322 0.141956 0.246057
0.223975 0.378549 0.252366 0.145110
0.126183 0.347003 0.249211 0.277603
0.287066 0.167192 0.305994 0.239748

