MEME version 4

ALPHABET= ACGT

strands: + -

MOTIF motif_1 motif_1
letter-probability matrix: alength= 4 w= 24
0.251969 0.267717 0.362205 0.118110
0.173228 0.354331 0.275591 0.196850
0.181102 0.267717 0.377953 0.173228
0.055118 0.039370 0.818898 0.086614
0.070866 0.685039 0.173228 0.070866
0.188976 0.669291 0.102362 0.039370
0.023622 0.007874 0.921260 0.047244
0.000000 1.000000 0.000000 0.000000
0.000000 1.000000 0.000000 0.000000
0.976378 0.000000 0.007874 0.015748
0.007874 0.023622 0.015748 0.952756
0.070866 0.488189 0.078740 0.362205
0.015748 0.015748 0.047244 0.921260
0.039370 0.039370 0.007874 0.913386
0.102362 0.196850 0.582677 0.118110
0.141732 0.204724 0.401575 0.251969
0.220472 0.338583 0.251969 0.188976
0.267717 0.188976 0.377953 0.165354
0.102362 0.346457 0.307087 0.244094
0.157480 0.370079 0.370079 0.102362
0.133858 0.236220 0.440945 0.188976
0.236220 0.251969 0.385827 0.125984
0.291339 0.212598 0.346457 0.149606
0.181102 0.283465 0.322835 0.212598

MOTIF motif_5 motif_5
letter-probability matrix: alength= 4 w= 24
0.246835 0.246835 0.253165 0.253165
0.158228 0.316456 0.335443 0.189873
0.183544 0.310127 0.316456 0.189873
0.164557 0.386076 0.291139 0.158228
0.227848 0.297468 0.265823 0.208861
0.151899 0.316456 0.417722 0.113924
0.221519 0.297468 0.303797 0.177215
0.240506 0.234177 0.278481 0.246835
0.189873 0.322785 0.253165 0.234177
0.202532 0.424051 0.189873 0.183544
0.094937 0.601266 0.189873 0.113924
0.949367 0.031646 0.018987 0.000000
0.981013 0.006329 0.000000 0.012658
0.405063 0.120253 0.455696 0.018987
0.981013 0.006329 0.006329 0.006329
0.000000 0.000000 0.000000 1.000000
0.000000 0.000000 1.000000 0.000000
0.000000 0.006329 0.987342 0.006329
0.037975 0.924051 0.006329 0.031646
0.031646 0.145570 0.531646 0.291139
0.056962 0.164557 0.702532 0.075949
0.101266 0.765823 0.044304 0.088608
0.069620 0.500000 0.265823 0.164557
0.170886 0.272152 0.398734 0.158228

MOTIF motif_10 motif_10
letter-probability matrix: alength= 4 w= 24
0.188341 0.295964 0.345291 0.170404
0.219731 0.228700 0.327354 0.224215
0.210762 0.255605 0.322870 0.210762
0.192825 0.390135 0.246637 0.170404
0.174888 0.448430 0.210762 0.165919
0.739910 0.049327 0.183857 0.026906
0.807175 0.121076 0.013453 0.058296
0.448430 0.233184 0.304933 0.013453
0.995516 0.000000 0.004484 0.000000
0.000000 0.004484 0.000000 0.995516
0.000000 0.000000 1.000000 0.000000
0.000000 0.000000 0.995516 0.004484
0.031390 0.946188 0.008969 0.013453
0.031390 0.210762 0.493274 0.264574
0.044843 0.058296 0.802691 0.094170
0.116592 0.798206 0.013453 0.071749
0.116592 0.493274 0.242152 0.147982
0.179372 0.286996 0.430493 0.103139
0.161435 0.394619 0.255605 0.188341
0.165919 0.291480 0.367713 0.174888
0.219731 0.201794 0.430493 0.147982
0.174888 0.403587 0.260090 0.161435
0.143498 0.295964 0.336323 0.224215
0.183857 0.246637 0.358744 0.210762

MOTIF motif_6 motif_6
letter-probability matrix: alength= 4 w= 24
0.277778 0.277778 0.361111 0.083333
0.208333 0.250000 0.423611 0.118056
0.173611 0.368056 0.250000 0.208333
0.215278 0.201389 0.513889 0.069444
0.034722 0.076389 0.756944 0.131944
0.118056 0.756944 0.090278 0.034722
0.298611 0.472222 0.208333 0.020833
0.013889 0.000000 0.902778 0.083333
0.000000 1.000000 0.000000 0.000000
0.000000 1.000000 0.000000 0.000000
1.000000 0.000000 0.000000 0.000000
0.006944 0.000000 0.000000 0.993056
0.048611 0.416667 0.159722 0.375000
0.097222 0.013889 0.027778 0.861111
0.013889 0.097222 0.000000 0.888889
0.138889 0.159722 0.583333 0.118056
0.083333 0.180556 0.472222 0.263889
0.201389 0.354167 0.222222 0.222222
0.208333 0.263889 0.319444 0.208333
0.187500 0.277778 0.368056 0.166667
0.166667 0.416667 0.284722 0.131944
0.118056 0.222222 0.479167 0.180556
0.118056 0.291667 0.361111 0.229167
0.215278 0.368056 0.270833 0.145833

