MEME version 4

ALPHABET= ACGT

strands: + -

MOTIF motif_1 motif_1
letter-probability matrix: alength= 4 w= 24
0.325581 0.058140 0.569767 0.046512
0.290698 0.197674 0.238372 0.273256
0.040698 0.139535 0.081395 0.738372
0.232558 0.744186 0.011628 0.011628
0.058140 0.087209 0.029070 0.825581
0.000000 0.988372 0.000000 0.011628
0.250000 0.005814 0.744186 0.000000
0.000000 0.790698 0.005814 0.203488
0.005814 0.000000 0.994186 0.000000
0.860465 0.017442 0.110465 0.011628
0.000000 0.023256 0.872093 0.104651
0.761628 0.046512 0.145349 0.046512
0.337209 0.203488 0.156977 0.302326
0.046512 0.575581 0.122093 0.255814
0.127907 0.273256 0.104651 0.494186
0.174419 0.267442 0.482558 0.075581
0.331395 0.232558 0.331395 0.104651
0.133721 0.313953 0.180233 0.372093
0.156977 0.244186 0.319767 0.279070
0.191860 0.250000 0.436047 0.122093
0.191860 0.273256 0.261628 0.273256
0.162791 0.250000 0.186047 0.401163
0.203488 0.156977 0.267442 0.372093
0.261628 0.238372 0.261628 0.238372

