MEME version 4

ALPHABET= ACGT

strands: + -

MOTIF motif_1 motif_1
letter-probability matrix: alength= 4 w= 24
0.092025 0.822086 0.030675 0.055215
0.631902 0.067485 0.239264 0.061350
0.472393 0.055215 0.380368 0.092025
0.282209 0.036810 0.564417 0.116564
0.036810 0.018405 0.932515 0.012270
0.104294 0.368098 0.447853 0.079755
0.595092 0.282209 0.067485 0.055215
0.042945 0.147239 0.269939 0.539877
0.036810 0.220859 0.429448 0.312883
0.128834 0.766871 0.042945 0.061350
0.000000 0.092025 0.006135 0.901840
0.024540 0.000000 0.975460 0.000000
0.000000 0.000000 1.000000 0.000000
0.012270 0.000000 0.981595 0.006135
0.932515 0.012270 0.018405 0.036810
0.638037 0.079755 0.233129 0.049080
0.539877 0.085890 0.073620 0.300613
0.012270 0.042945 0.006135 0.938650
0.036810 0.006135 0.957055 0.000000
0.036810 0.049080 0.061350 0.852761
0.938650 0.018405 0.036810 0.006135
0.012270 0.006135 0.975460 0.006135
0.000000 0.024540 0.024540 0.950920
0.024540 0.539877 0.030675 0.404908

MOTIF motif_8 motif_8
letter-probability matrix: alength= 4 w= 24
0.009174 0.889908 0.082569 0.018349
0.009174 0.055046 0.064220 0.871560
0.807339 0.110092 0.045872 0.036697
0.027523 0.963303 0.000000 0.009174
0.834862 0.018349 0.119266 0.027523
0.256881 0.091743 0.119266 0.532110
0.073394 0.183486 0.082569 0.660550
0.018349 0.110092 0.000000 0.871560
0.009174 0.944954 0.018349 0.027523
0.000000 1.000000 0.000000 0.000000
0.009174 0.963303 0.009174 0.018349
0.834862 0.082569 0.082569 0.000000
0.055046 0.045872 0.761468 0.137615
0.110092 0.458716 0.403670 0.027523
0.467890 0.302752 0.119266 0.110092
0.100917 0.027523 0.284404 0.587156
0.018349 0.458716 0.422018 0.100917
0.036697 0.944954 0.009174 0.009174
0.128440 0.513761 0.000000 0.357798
0.018349 0.293578 0.082569 0.605505
0.064220 0.293578 0.018349 0.623853
0.082569 0.009174 0.899083 0.009174
0.055046 0.816514 0.055046 0.073394
0.376147 0.009174 0.587156 0.027523

MOTIF motif_2 motif_2
letter-probability matrix: alength= 4 w= 24
0.543478 0.130435 0.195652 0.130435
0.282609 0.282609 0.282609 0.152174
0.500000 0.195652 0.152174 0.152174
0.173913 0.195652 0.217391 0.413043
0.630435 0.173913 0.086957 0.108696
0.565217 0.043478 0.173913 0.217391
0.782609 0.000000 0.217391 0.000000
0.195652 0.000000 0.782609 0.021739
1.000000 0.000000 0.000000 0.000000
0.000000 1.000000 0.000000 0.000000
0.000000 0.000000 0.000000 1.000000
0.978261 0.000000 0.021739 0.000000
0.000000 1.000000 0.000000 0.000000
0.978261 0.000000 0.021739 0.000000
0.000000 0.021739 0.000000 0.978261
0.000000 0.021739 0.000000 0.978261
0.000000 0.000000 0.000000 1.000000
0.000000 1.000000 0.000000 0.000000
0.000000 1.000000 0.000000 0.000000
0.000000 1.000000 0.000000 0.000000
1.000000 0.000000 0.000000 0.000000
0.065217 0.000000 0.913043 0.021739
0.173913 0.608696 0.195652 0.021739
0.152174 0.543478 0.108696 0.195652

MOTIF motif_10 motif_10
letter-probability matrix: alength= 4 w= 24
0.312102 0.159236 0.299363 0.229299
0.426752 0.038217 0.484076 0.050955
0.312102 0.089172 0.566879 0.031847
0.815287 0.025478 0.152866 0.006369
0.012739 0.929936 0.019108 0.038217
0.038217 0.031847 0.012739 0.917197
0.802548 0.133758 0.050955 0.012739
0.000000 0.847134 0.000000 0.152866
0.859873 0.031847 0.101911 0.006369
0.299363 0.076433 0.203822 0.420382
0.063694 0.191083 0.178344 0.566879
0.095541 0.044586 0.012739 0.847134
0.000000 0.993631 0.000000 0.006369
0.019108 0.961783 0.019108 0.000000
0.006369 0.929936 0.044586 0.019108
0.847134 0.044586 0.108280 0.000000
0.057325 0.025478 0.796178 0.121019
0.197452 0.433121 0.299363 0.070064
0.579618 0.140127 0.210191 0.070064
0.114650 0.076433 0.369427 0.439490
0.057325 0.414013 0.490446 0.038217
0.019108 0.872611 0.076433 0.031847
0.140127 0.598726 0.050955 0.210191
0.089172 0.452229 0.101911 0.356688

