MEME version 4

ALPHABET= ACGT

strands: + -

MOTIF motif_1 motif_1
letter-probability matrix: alength= 4 w= 24
0.451087 0.222826 0.097826 0.228261
0.222826 0.222826 0.309783 0.244565
0.168478 0.239130 0.255435 0.336957
0.163043 0.146739 0.228261 0.461957
0.086957 0.326087 0.402174 0.184783
0.418478 0.119565 0.086957 0.375000
0.206522 0.250000 0.298913 0.244565
0.141304 0.510870 0.195652 0.152174
0.027174 0.119565 0.081522 0.771739
0.021739 0.097826 0.010870 0.869565
0.005435 0.000000 0.010870 0.983696
0.000000 0.000000 0.000000 1.000000
0.000000 0.032609 0.016304 0.951087
0.005435 0.000000 0.005435 0.989130
0.005435 0.016304 0.000000 0.978261
0.000000 0.010870 0.000000 0.989130
0.000000 0.021739 0.000000 0.978261
0.016304 0.016304 0.005435 0.961957
0.021739 0.027174 0.010870 0.940217
0.027174 0.021739 0.005435 0.945652
0.016304 0.048913 0.027174 0.907609
0.016304 0.043478 0.005435 0.934783
0.081522 0.038043 0.027174 0.853261
0.043478 0.141304 0.048913 0.766304

MOTIF motif_11 motif_11
letter-probability matrix: alength= 4 w= 24
0.170732 0.292683 0.268293 0.268293
0.317073 0.243902 0.317073 0.121951
0.317073 0.219512 0.317073 0.146341
0.390244 0.268293 0.195122 0.146341
0.292683 0.073171 0.439024 0.195122
0.243902 0.121951 0.536585 0.097561
0.268293 0.195122 0.365854 0.170732
0.146341 0.097561 0.463415 0.292683
0.195122 0.268293 0.268293 0.268293
0.170732 0.609756 0.097561 0.121951
0.121951 0.414634 0.195122 0.268293
0.536585 0.048780 0.146341 0.268293
0.097561 0.341463 0.536585 0.024390
0.097561 0.512195 0.073171 0.317073
0.000000 0.000000 0.902439 0.097561
0.073171 0.780488 0.024390 0.121951
0.000000 0.829268 0.073171 0.097561
0.170732 0.707317 0.048780 0.073171
0.000000 0.853659 0.024390 0.121951
0.146341 0.829268 0.000000 0.024390
0.000000 0.097561 0.024390 0.878049
0.390244 0.317073 0.073171 0.219512
0.000000 0.048780 0.634146 0.317073
0.121951 0.073171 0.390244 0.414634

MOTIF motif_5 motif_5
letter-probability matrix: alength= 4 w= 24
0.000000 1.000000 0.000000 0.000000
0.831169 0.038961 0.012987 0.116883
0.051948 0.675325 0.246753 0.025974
0.194805 0.272727 0.051948 0.480519
0.844156 0.012987 0.103896 0.038961
0.025974 0.000000 0.974026 0.000000
0.610390 0.000000 0.350649 0.038961
0.012987 0.012987 0.597403 0.376623
0.025974 0.012987 0.961039 0.000000
0.000000 0.000000 0.922078 0.077922
0.233766 0.714286 0.000000 0.051948
0.428571 0.051948 0.480519 0.038961
0.116883 0.480519 0.298701 0.103896
0.129870 0.363636 0.064935 0.441558
0.610390 0.194805 0.155844 0.038961
0.142857 0.168831 0.259740 0.428571
0.363636 0.090909 0.168831 0.376623
0.220779 0.103896 0.324675 0.350649
0.155844 0.350649 0.220779 0.272727
0.311688 0.402597 0.103896 0.181818
0.181818 0.467532 0.064935 0.285714
0.155844 0.233766 0.051948 0.558442
0.272727 0.207792 0.220779 0.298701
0.155844 0.168831 0.285714 0.389610

MOTIF motif_2 motif_2
letter-probability matrix: alength= 4 w= 24
0.982249 0.000000 0.005917 0.011834
1.000000 0.000000 0.000000 0.000000
0.994083 0.000000 0.005917 0.000000
0.994083 0.005917 0.000000 0.000000
0.988166 0.005917 0.005917 0.000000
0.976331 0.000000 0.005917 0.017751
0.934911 0.000000 0.065089 0.000000
0.982249 0.000000 0.011834 0.005917
0.982249 0.000000 0.017751 0.000000
0.976331 0.000000 0.017751 0.005917
0.958580 0.005917 0.035503 0.000000
0.763314 0.100592 0.124260 0.011834
0.857988 0.071006 0.000000 0.071006
0.804734 0.059172 0.094675 0.041420
0.686391 0.100592 0.195266 0.017751
0.585799 0.177515 0.059172 0.177515
0.668639 0.047337 0.147929 0.136095
0.491124 0.071006 0.295858 0.142012
0.260355 0.390533 0.272189 0.076923
0.360947 0.378698 0.094675 0.165680
0.585799 0.041420 0.059172 0.313609
0.177515 0.177515 0.502959 0.142012
0.218935 0.254438 0.130178 0.396450
0.337278 0.177515 0.242604 0.242604

MOTIF motif_10 motif_10
letter-probability matrix: alength= 4 w= 24
0.030075 0.067669 0.015038 0.887218
0.015038 0.007519 0.045113 0.932331
0.022556 0.097744 0.007519 0.872180
0.000000 0.022556 0.000000 0.977444
0.015038 0.000000 0.015038 0.969925
0.022556 0.007519 0.015038 0.954887
0.000000 0.000000 0.007519 0.992481
0.007519 0.015038 0.007519 0.969925
0.000000 0.007519 0.000000 0.992481
0.045113 0.082707 0.022556 0.849624
0.187970 0.060150 0.112782 0.639098
0.473684 0.045113 0.037594 0.443609
0.338346 0.082707 0.203008 0.375940
0.105263 0.263158 0.323308 0.308271
0.195489 0.458647 0.060150 0.285714
0.255639 0.255639 0.172932 0.315789
0.248120 0.180451 0.120301 0.451128
0.300752 0.210526 0.127820 0.360902
0.210526 0.255639 0.323308 0.210526
0.436090 0.097744 0.210526 0.255639
0.037594 0.406015 0.413534 0.142857
0.233083 0.112782 0.135338 0.518797
0.248120 0.203008 0.443609 0.105263
0.278195 0.383459 0.180451 0.157895

MOTIF motif_14 motif_14
letter-probability matrix: alength= 4 w= 24
0.545455 0.202020 0.101010 0.151515
0.070707 0.353535 0.232323 0.343434
0.525253 0.080808 0.191919 0.202020
0.050505 0.323232 0.464646 0.161616
0.070707 0.353535 0.010101 0.565657
0.090909 0.050505 0.737374 0.121212
0.131313 0.828283 0.030303 0.010101
0.000000 1.000000 0.000000 0.000000
0.555556 0.414141 0.020202 0.010101
0.010101 0.505051 0.030303 0.454545
0.020202 0.909091 0.010101 0.060606
0.101010 0.030303 0.010101 0.858586
0.404040 0.050505 0.454545 0.090909
0.090909 0.232323 0.656566 0.020202
0.090909 0.050505 0.090909 0.767677
0.010101 0.010101 0.979798 0.000000
0.090909 0.020202 0.777778 0.111111
0.090909 0.393939 0.090909 0.424242
0.262626 0.282828 0.181818 0.272727
0.454545 0.151515 0.242424 0.151515
0.303030 0.191919 0.202020 0.303030
0.434343 0.131313 0.131313 0.303030
0.303030 0.202020 0.262626 0.232323
0.373737 0.090909 0.212121 0.323232

