MEME version 4

ALPHABET= ACGT

strands: + -

MOTIF motif_11 motif_11
letter-probability matrix: alength= 4 w= 24
0.251397 0.240223 0.324022 0.184358
0.184358 0.016760 0.603352 0.195531
0.240223 0.329609 0.262570 0.167598
0.106145 0.692737 0.089385 0.111732
0.150838 0.486034 0.094972 0.268156
0.100559 0.033520 0.759777 0.106145
0.022346 0.441341 0.039106 0.497207
0.167598 0.005587 0.810056 0.016760
0.011173 0.005587 0.005587 0.977654
0.608939 0.368715 0.016760 0.005587
0.000000 0.055866 0.631285 0.312849
0.972067 0.016760 0.005587 0.005587
0.005587 0.932961 0.011173 0.050279
0.391061 0.111732 0.385475 0.111732
0.111732 0.586592 0.178771 0.122905
0.268156 0.212291 0.379888 0.139665
0.145251 0.083799 0.530726 0.240223
0.223464 0.268156 0.335196 0.173184
0.128492 0.480447 0.189944 0.201117
0.162011 0.340782 0.223464 0.273743
0.229050 0.262570 0.273743 0.234637
0.273743 0.329609 0.206704 0.189944
0.240223 0.223464 0.301676 0.234637
0.245810 0.217877 0.368715 0.167598

MOTIF motif_5 motif_5
letter-probability matrix: alength= 4 w= 24
0.132530 0.204819 0.530120 0.132530
0.265060 0.265060 0.240964 0.228916
0.325301 0.144578 0.253012 0.277108
0.506024 0.240964 0.060241 0.192771
0.530120 0.060241 0.048193 0.361446
0.289157 0.144578 0.277108 0.289157
0.602410 0.108434 0.120482 0.168675
0.879518 0.072289 0.048193 0.000000
0.156627 0.096386 0.048193 0.698795
0.072289 0.662651 0.048193 0.216867
0.000000 0.927711 0.000000 0.072289
0.048193 0.000000 0.915663 0.036145
0.132530 0.048193 0.734940 0.084337
0.481928 0.096386 0.036145 0.385542
0.036145 0.000000 0.204819 0.759036
0.180723 0.120482 0.084337 0.614458
0.397590 0.325301 0.072289 0.204819
0.253012 0.024096 0.072289 0.650602
0.132530 0.180723 0.216867 0.469880
0.180723 0.313253 0.108434 0.397590
0.289157 0.313253 0.216867 0.180723
0.180723 0.469880 0.192771 0.156627
0.156627 0.373494 0.265060 0.204819
0.469880 0.240964 0.180723 0.108434

MOTIF motif_10 motif_10
letter-probability matrix: alength= 4 w= 24
0.112150 0.205607 0.467290 0.214953
0.102804 0.439252 0.186916 0.271028
0.000000 0.000000 1.000000 0.000000
0.009346 0.000000 0.028037 0.962617
0.000000 0.981308 0.009346 0.009346
0.000000 0.037383 0.000000 0.962617
0.990654 0.000000 0.000000 0.009346
0.028037 0.700935 0.009346 0.261682
0.654206 0.009346 0.327103 0.009346
0.093458 0.813084 0.037383 0.056075
0.383178 0.149533 0.336449 0.130841
0.065421 0.037383 0.803738 0.093458
0.196262 0.317757 0.299065 0.186916
0.121495 0.672897 0.065421 0.140187
0.186916 0.439252 0.130841 0.242991
0.158879 0.289720 0.271028 0.280374
0.289720 0.327103 0.214953 0.168224
0.214953 0.224299 0.345794 0.214953
0.271028 0.224299 0.345794 0.158879
0.289720 0.280374 0.186916 0.242991
0.205607 0.252336 0.299065 0.242991
0.224299 0.373832 0.177570 0.224299
0.177570 0.317757 0.289720 0.214953
0.214953 0.252336 0.317757 0.214953

