MEME version 4

ALPHABET= ACGT

strands: + -

MOTIF motif_1 motif_1
letter-probability matrix: alength= 4 w= 24
0.000000 0.005747 0.994253 0.000000
0.965517 0.005747 0.028736 0.000000
0.000000 0.017241 0.982759 0.000000
0.977011 0.000000 0.005747 0.017241
0.017241 0.000000 0.982759 0.000000
0.913793 0.028736 0.057471 0.000000
0.005747 0.109195 0.879310 0.005747
1.000000 0.000000 0.000000 0.000000
0.022989 0.000000 0.977011 0.000000
0.988506 0.000000 0.011494 0.000000
0.005747 0.000000 0.994253 0.000000
1.000000 0.000000 0.000000 0.000000
0.011494 0.005747 0.982759 0.000000
1.000000 0.000000 0.000000 0.000000
0.000000 0.005747 0.982759 0.011494
0.971264 0.028736 0.000000 0.000000
0.005747 0.011494 0.982759 0.000000
0.988506 0.000000 0.005747 0.005747
0.011494 0.000000 0.988506 0.000000
0.942529 0.057471 0.000000 0.000000
0.011494 0.000000 0.988506 0.000000
0.982759 0.000000 0.005747 0.011494
0.022989 0.017241 0.959770 0.000000
0.936782 0.011494 0.022989 0.028736

MOTIF motif_10 motif_10
letter-probability matrix: alength= 4 w= 24
0.030864 0.913580 0.006173 0.049383
0.024691 0.037037 0.030864 0.907407
0.037037 0.901235 0.049383 0.012346
0.043210 0.030864 0.098765 0.827160
0.006173 0.962963 0.006173 0.024691
0.006173 0.024691 0.012346 0.956790
0.000000 0.969136 0.000000 0.030864
0.000000 0.006173 0.006173 0.987654
0.006173 0.987654 0.006173 0.000000
0.000000 0.000000 0.000000 1.000000
0.000000 0.987654 0.000000 0.012346
0.000000 0.012346 0.018519 0.969136
0.000000 0.993827 0.000000 0.006173
0.000000 0.000000 0.006173 0.993827
0.006173 0.901235 0.000000 0.092593
0.012346 0.043210 0.006173 0.938272
0.000000 1.000000 0.000000 0.000000
0.000000 0.024691 0.000000 0.975309
0.000000 0.956790 0.012346 0.030864
0.000000 0.012346 0.012346 0.975309
0.006173 0.981481 0.006173 0.006173
0.006173 0.006173 0.000000 0.987654
0.018519 0.913580 0.049383 0.018519
0.018519 0.154321 0.092593 0.734568

