MEME version 4

ALPHABET= ACGT

strands: + -

MOTIF motif_1 motif_1
letter-probability matrix: alength= 4 w= 24
0.565891 0.062016 0.224806 0.147287
0.713178 0.023256 0.255814 0.007752
0.031008 0.007752 0.085271 0.875969
0.046512 0.193798 0.682171 0.077519
0.961240 0.007752 0.000000 0.031008
0.062016 0.674419 0.023256 0.240310
0.155039 0.015504 0.798450 0.031008
0.139535 0.031008 0.031008 0.798450
0.170543 0.775194 0.038760 0.015504
0.891473 0.046512 0.046512 0.015504
0.077519 0.201550 0.038760 0.682171
0.139535 0.279070 0.147287 0.434109
0.379845 0.108527 0.085271 0.426357
0.162791 0.162791 0.100775 0.573643
0.131783 0.224806 0.279070 0.364341
0.341085 0.224806 0.124031 0.310078
0.271318 0.069767 0.240310 0.418605
0.170543 0.201550 0.294574 0.333333
0.263566 0.085271 0.170543 0.480620
0.325581 0.170543 0.310078 0.193798
0.418605 0.224806 0.093023 0.263566
0.488372 0.085271 0.193798 0.232558
0.503876 0.217054 0.085271 0.193798
0.224806 0.116279 0.186047 0.472868

MOTIF motif_6 motif_6
letter-probability matrix: alength= 4 w= 24
0.241379 0.301724 0.172414 0.284483
0.362069 0.137931 0.353448 0.146552
0.577586 0.060345 0.318966 0.043103
0.034483 0.068966 0.017241 0.879310
0.017241 0.077586 0.879310 0.025862
0.887931 0.060345 0.017241 0.034483
0.051724 0.931034 0.008621 0.008621
0.051724 0.060345 0.862069 0.025862
0.000000 0.043103 0.000000 0.956897
0.008621 0.905172 0.060345 0.025862
0.905172 0.017241 0.000000 0.077586
0.043103 0.301724 0.000000 0.655172
0.189655 0.327586 0.146552 0.336207
0.267241 0.206897 0.155172 0.370690
0.250000 0.163793 0.344828 0.241379
0.215517 0.051724 0.181034 0.551724
0.189655 0.224138 0.181034 0.405172
0.198276 0.250000 0.146552 0.405172
0.215517 0.181034 0.267241 0.336207
0.181034 0.181034 0.284483 0.353448
0.224138 0.146552 0.181034 0.448276
0.224138 0.379310 0.129310 0.267241
0.405172 0.103448 0.232759 0.258621
0.267241 0.267241 0.215517 0.250000

