MEME version 4

ALPHABET= ACGT

strands: + -

MOTIF motif_1 motif_1
letter-probability matrix: alength= 4 w= 24
0.252232 0.113839 0.185268 0.448661
0.834821 0.024554 0.140625 0.000000
0.000000 0.002232 0.000000 0.997768
0.002232 0.000000 0.011161 0.986607
0.046875 0.000000 0.359375 0.593750
0.000000 0.968750 0.000000 0.031250
0.066964 0.000000 0.926339 0.006696
0.495536 0.426339 0.004464 0.073661
0.975446 0.020089 0.002232 0.002232
1.000000 0.000000 0.000000 0.000000
0.000000 0.209821 0.020089 0.770089
0.549107 0.145089 0.073661 0.232143
0.234375 0.220982 0.180804 0.363839
0.218750 0.185268 0.147321 0.448661
0.220982 0.229911 0.125000 0.424107
0.247768 0.180804 0.189732 0.381696
0.310268 0.180804 0.194196 0.314732
0.308036 0.162946 0.191964 0.337054
0.348214 0.187500 0.183036 0.281250
0.359375 0.176339 0.165179 0.299107
0.308036 0.198661 0.169643 0.323661
0.281250 0.189732 0.174107 0.354911
0.247768 0.225446 0.169643 0.357143
0.265625 0.187500 0.209821 0.337054

MOTIF motif_5 motif_5
letter-probability matrix: alength= 4 w= 24
0.363636 0.034091 0.193182 0.409091
0.318182 0.130682 0.227273 0.323864
0.267045 0.198864 0.301136 0.232955
0.210227 0.250000 0.153409 0.386364
0.386364 0.079545 0.431818 0.102273
0.443182 0.125000 0.238636 0.193182
0.386364 0.062500 0.312500 0.238636
0.454545 0.142045 0.187500 0.215909
0.375000 0.045455 0.386364 0.193182
0.375000 0.198864 0.312500 0.113636
0.460227 0.022727 0.204545 0.312500
0.670455 0.073864 0.204545 0.051136
0.011364 0.000000 0.045455 0.943182
0.056818 0.022727 0.085227 0.835227
0.221591 0.017045 0.607955 0.153409
0.085227 0.625000 0.017045 0.272727
0.056818 0.022727 0.903409 0.017045
0.863636 0.068182 0.000000 0.068182
0.897727 0.039773 0.000000 0.062500
0.943182 0.039773 0.005682 0.011364
0.090909 0.090909 0.062500 0.755682
0.210227 0.187500 0.079545 0.522727
0.181818 0.113636 0.153409 0.551136
0.312500 0.284091 0.181818 0.221591

MOTIF motif_10 motif_10
letter-probability matrix: alength= 4 w= 24
0.244604 0.287770 0.129496 0.338129
0.428058 0.107914 0.133094 0.330935
0.327338 0.291367 0.136691 0.244604
0.230216 0.269784 0.330935 0.169065
0.428058 0.230216 0.118705 0.223022
0.492806 0.215827 0.179856 0.111511
0.525180 0.129496 0.125899 0.219424
0.165468 0.266187 0.086331 0.482014
0.769784 0.035971 0.100719 0.093525
0.028777 0.032374 0.032374 0.906475
0.017986 0.097122 0.035971 0.848921
0.100719 0.017986 0.305755 0.575540
0.017986 0.938849 0.014388 0.028777
0.014388 0.064748 0.899281 0.021583
0.557554 0.413669 0.017986 0.010791
0.895683 0.039568 0.021583 0.043165
0.892086 0.071942 0.025180 0.010791
0.046763 0.381295 0.053957 0.517986
0.582734 0.118705 0.122302 0.176259
0.223022 0.212230 0.097122 0.467626
0.215827 0.140288 0.161871 0.482014
0.194245 0.151079 0.053957 0.600719
0.118705 0.104317 0.273381 0.503597
0.237410 0.266187 0.086331 0.410072

