MEME version 4

ALPHABET= ACGT

strands: + -

MOTIF motif_8 motif_8
letter-probability matrix: alength= 4 w= 24
0.235955 0.247191 0.191011 0.325843
0.123596 0.056180 0.348315 0.471910
0.426966 0.314607 0.056180 0.202247
0.426966 0.123596 0.292135 0.157303
0.044944 0.213483 0.730337 0.011236
0.831461 0.033708 0.044944 0.089888
0.044944 0.314607 0.573034 0.067416
0.865169 0.033708 0.044944 0.056180
0.213483 0.426966 0.235955 0.123596
0.629213 0.011236 0.292135 0.067416
0.134831 0.539326 0.202247 0.123596
0.887640 0.033708 0.044944 0.033708
0.157303 0.280899 0.483146 0.078652
0.550562 0.056180 0.303371 0.089888
0.078652 0.359551 0.213483 0.348315
0.325843 0.157303 0.258427 0.258427
0.202247 0.337079 0.382022 0.078652
0.382022 0.033708 0.235955 0.348315
0.213483 0.303371 0.123596 0.359551
0.314607 0.348315 0.168539 0.168539
0.449438 0.224719 0.269663 0.056180
0.460674 0.134831 0.157303 0.247191
0.168539 0.573034 0.044944 0.213483
0.292135 0.056180 0.235955 0.415730

