MEME version 4

ALPHABET= ACGT

strands: + -

MOTIF motif_1 motif_1
letter-probability matrix: alength= 4 w= 24
0.356322 0.195402 0.252874 0.195402
0.287356 0.310345 0.172414 0.229885
0.333333 0.126437 0.321839 0.218391
0.103448 0.126437 0.160920 0.609195
0.000000 0.011494 0.988506 0.000000
0.609195 0.000000 0.000000 0.390805
1.000000 0.000000 0.000000 0.000000
1.000000 0.000000 0.000000 0.000000
0.000000 0.229885 0.011494 0.758621
0.080460 0.344828 0.034483 0.540230
0.011494 0.321839 0.091954 0.574713
0.103448 0.000000 0.885057 0.011494
1.000000 0.000000 0.000000 0.000000
0.045977 0.252874 0.149425 0.551724
0.758621 0.160920 0.045977 0.034483
0.000000 0.666667 0.034483 0.298851
0.091954 0.436782 0.172414 0.298851
0.195402 0.172414 0.114943 0.517241
0.091954 0.160920 0.287356 0.459770
0.160920 0.241379 0.068966 0.528736
0.137931 0.321839 0.206897 0.333333
0.183908 0.252874 0.287356 0.275862
0.367816 0.149425 0.298851 0.183908
0.183908 0.356322 0.275862 0.183908

MOTIF motif_13 motif_13
letter-probability matrix: alength= 4 w= 24
0.022472 0.000000 0.000000 0.977528
0.022472 0.808989 0.000000 0.168539
0.685393 0.033708 0.157303 0.123596
0.629213 0.044944 0.078652 0.247191
0.629213 0.022472 0.325843 0.022472
0.000000 0.000000 0.000000 1.000000
0.022472 0.089888 0.033708 0.853933
0.258427 0.056180 0.011236 0.674157
0.000000 0.943820 0.022472 0.033708
0.640449 0.179775 0.078652 0.101124
0.224719 0.247191 0.078652 0.449438
0.224719 0.258427 0.067416 0.449438
0.235955 0.224719 0.112360 0.426966
0.370787 0.213483 0.134831 0.280899
0.303371 0.157303 0.202247 0.337079
0.224719 0.247191 0.202247 0.325843
0.224719 0.134831 0.224719 0.415730
0.269663 0.224719 0.202247 0.303371
0.179775 0.067416 0.112360 0.640449
0.168539 0.224719 0.213483 0.393258
0.280899 0.078652 0.089888 0.550562
0.123596 0.415730 0.101124 0.359551
0.191011 0.168539 0.213483 0.426966
0.146067 0.337079 0.258427 0.258427

MOTIF motif_5 motif_5
letter-probability matrix: alength= 4 w= 24
0.256098 0.292683 0.256098 0.195122
0.219512 0.329268 0.134146 0.317073
0.158537 0.341463 0.292683 0.207317
0.292683 0.182927 0.243902 0.280488
0.280488 0.182927 0.378049 0.158537
0.243902 0.268293 0.195122 0.292683
0.219512 0.268293 0.304878 0.207317
0.439024 0.158537 0.231707 0.170732
0.426829 0.146341 0.195122 0.231707
0.414634 0.207317 0.134146 0.243902
0.451220 0.219512 0.170732 0.158537
0.231707 0.170732 0.560976 0.036585
0.182927 0.024390 0.780488 0.012195
0.000000 0.024390 0.109756 0.865854
0.621951 0.060976 0.317073 0.000000
0.000000 0.000000 0.000000 1.000000
0.000000 0.951220 0.000000 0.048780
0.804878 0.048780 0.146341 0.000000
0.621951 0.036585 0.231707 0.109756
0.731707 0.000000 0.243902 0.024390
0.000000 0.000000 0.000000 1.000000
0.000000 0.000000 0.036585 0.963415
0.573171 0.000000 0.000000 0.426829
0.000000 1.000000 0.000000 0.000000

