MEME version 4

ALPHABET= ACGT

strands: + -

MOTIF motif_5 motif_5
letter-probability matrix: alength= 4 w= 24
0.135135 0.054054 0.351351 0.459459
0.432432 0.243243 0.216216 0.108108
0.513514 0.243243 0.216216 0.027027
0.378378 0.027027 0.459459 0.135135
0.918919 0.054054 0.027027 0.000000
0.891892 0.027027 0.027027 0.054054
0.891892 0.054054 0.000000 0.054054
0.216216 0.054054 0.135135 0.594595
0.729730 0.000000 0.000000 0.270270
0.540541 0.297297 0.108108 0.054054
0.027027 0.162162 0.000000 0.810811
0.216216 0.000000 0.486486 0.297297
0.216216 0.054054 0.297297 0.432432
0.324324 0.162162 0.081081 0.432432
0.027027 0.297297 0.108108 0.567568
0.324324 0.108108 0.162162 0.405405
0.702703 0.027027 0.162162 0.108108
0.351351 0.027027 0.216216 0.405405
0.432432 0.297297 0.216216 0.054054
0.297297 0.216216 0.351351 0.135135
0.027027 0.108108 0.054054 0.810811
0.270270 0.324324 0.162162 0.243243
0.135135 0.054054 0.135135 0.675676
0.135135 0.297297 0.324324 0.243243

