MEME version 4

ALPHABET= ACGT

strands: + -

MOTIF motif_1 motif_1
letter-probability matrix: alength= 4 w= 24
0.620347 0.106700 0.166253 0.106700
0.759305 0.027295 0.136476 0.076923
0.704715 0.037221 0.032258 0.225806
0.419355 0.017370 0.047146 0.516129
0.374690 0.027295 0.012407 0.585608
0.967742 0.002481 0.019851 0.009926
0.004963 0.000000 0.007444 0.987593
0.009926 0.801489 0.012407 0.176179
0.066998 0.007444 0.925558 0.000000
0.987593 0.007444 0.002481 0.002481
0.007444 0.004963 0.004963 0.982630
0.330025 0.007444 0.017370 0.645161
0.248139 0.044665 0.034739 0.672457
0.101737 0.019851 0.032258 0.846154
0.029777 0.141439 0.042184 0.786600
0.114144 0.332506 0.074442 0.478908
0.143921 0.260546 0.258065 0.337469
0.178660 0.263027 0.260546 0.297767
0.181141 0.277916 0.260546 0.280397
0.285360 0.228288 0.379653 0.106700
0.444169 0.086849 0.260546 0.208437
0.583127 0.104218 0.131514 0.181141
0.491315 0.136476 0.106700 0.265509
0.424318 0.104218 0.081886 0.389578

MOTIF motif_11 motif_11
letter-probability matrix: alength= 4 w= 24
0.224044 0.341530 0.172131 0.262295
0.428962 0.169399 0.158470 0.243169
0.401639 0.122951 0.346995 0.128415
0.765027 0.024590 0.131148 0.079235
0.866120 0.019126 0.030055 0.084699
0.672131 0.013661 0.046448 0.267760
0.612022 0.000000 0.002732 0.385246
0.994536 0.000000 0.005464 0.000000
0.000000 0.000000 0.008197 0.991803
0.000000 0.939891 0.000000 0.060109
0.144809 0.000000 0.855191 0.000000
0.989071 0.002732 0.002732 0.005464
0.000000 0.010929 0.002732 0.986339
0.532787 0.021858 0.035519 0.409836
0.464481 0.040984 0.038251 0.456284
0.221311 0.021858 0.035519 0.721311
0.112022 0.081967 0.043716 0.762295
0.188525 0.243169 0.076503 0.491803
0.210383 0.254098 0.218579 0.316940
0.281421 0.213115 0.196721 0.308743
0.295082 0.128415 0.322404 0.254098
0.385246 0.169399 0.229508 0.215847
0.418033 0.125683 0.191257 0.265027
0.390710 0.128415 0.204918 0.275956

MOTIF motif_5 motif_5
letter-probability matrix: alength= 4 w= 24
0.230088 0.351032 0.156342 0.262537
0.188791 0.294985 0.339233 0.176991
0.271386 0.280236 0.250737 0.197640
0.489676 0.156342 0.227139 0.126844
0.764012 0.029499 0.168142 0.038348
0.884956 0.011799 0.041298 0.061947
0.746313 0.023599 0.011799 0.218289
0.713864 0.011799 0.011799 0.262537
0.973451 0.002950 0.020649 0.002950
0.000000 0.002950 0.002950 0.994100
0.000000 0.997050 0.000000 0.002950
0.253687 0.000000 0.746313 0.000000
0.997050 0.000000 0.000000 0.002950
0.002950 0.000000 0.002950 0.994100
0.684366 0.008850 0.017699 0.289086
0.589971 0.047198 0.026549 0.336283
0.283186 0.017699 0.029499 0.669617
0.115044 0.112094 0.041298 0.731563
0.182891 0.171091 0.070796 0.575221
0.109145 0.303835 0.182891 0.404130
0.200590 0.362832 0.165192 0.271386
0.289086 0.289086 0.235988 0.185841
0.433628 0.159292 0.306785 0.100295
0.533923 0.138643 0.094395 0.233038

MOTIF motif_10 motif_10
letter-probability matrix: alength= 4 w= 24
0.076503 0.032787 0.016393 0.874317
0.010929 0.038251 0.005464 0.945355
0.972678 0.010929 0.000000 0.016393
0.005464 0.000000 0.010929 0.983607
0.010929 0.650273 0.005464 0.333333
0.005464 0.000000 0.989071 0.005464
0.956284 0.021858 0.005464 0.016393
0.005464 0.043716 0.000000 0.950820
0.000000 0.005464 0.000000 0.994536
0.010929 0.010929 0.000000 0.978142
0.010929 0.038251 0.016393 0.934426
0.021858 0.196721 0.010929 0.770492
0.032787 0.393443 0.098361 0.475410
0.169399 0.289617 0.295082 0.245902
0.234973 0.185792 0.333333 0.245902
0.409836 0.245902 0.289617 0.054645
0.540984 0.202186 0.213115 0.043716
0.606557 0.049180 0.142077 0.202186
0.677596 0.136612 0.038251 0.147541
0.344262 0.071038 0.049180 0.535519
0.202186 0.180328 0.032787 0.584699
0.284153 0.163934 0.125683 0.426230
0.497268 0.131148 0.081967 0.289617
0.191257 0.213115 0.081967 0.513661

