MEME version 4

ALPHABET= ACGT

strands: + -

MOTIF motif_1 motif_1
letter-probability matrix: alength= 4 w= 24
0.758950 0.028640 0.066826 0.145585
0.136038 0.057279 0.644391 0.162291
0.064439 0.431981 0.431981 0.071599
0.102625 0.639618 0.088305 0.169451
0.023866 0.011933 0.009547 0.954654
0.613365 0.019093 0.028640 0.338902
0.918854 0.014320 0.042959 0.023866
0.014320 0.047733 0.849642 0.088305
0.057279 0.484487 0.451074 0.007160
0.028640 0.954654 0.002387 0.014320
0.007160 0.033413 0.009547 0.949881
0.353222 0.116945 0.057279 0.472554
0.923628 0.009547 0.019093 0.047733
0.116945 0.009547 0.835322 0.038186
0.076372 0.479714 0.377088 0.066826
0.109785 0.663484 0.042959 0.183771
0.050119 0.119332 0.069212 0.761337
0.489260 0.057279 0.023866 0.429594
0.828162 0.050119 0.066826 0.054893
0.116945 0.007160 0.844869 0.031026
0.164678 0.226730 0.553699 0.054893
0.147971 0.706444 0.023866 0.121718
0.016706 0.035800 0.031026 0.916468
0.367542 0.138425 0.047733 0.446301

MOTIF motif_11 motif_11
letter-probability matrix: alength= 4 w= 24
0.522667 0.138667 0.189333 0.149333
0.434667 0.069333 0.349333 0.146667
0.234667 0.069333 0.584000 0.112000
0.192000 0.594667 0.106667 0.106667
0.165333 0.346667 0.098667 0.389333
0.098667 0.216000 0.130667 0.554667
0.618667 0.056000 0.136000 0.189333
0.288000 0.077333 0.512000 0.122667
0.168000 0.074667 0.626667 0.130667
0.090667 0.688000 0.088000 0.133333
0.048000 0.205333 0.093333 0.653333
0.117333 0.176000 0.141333 0.565333
0.701333 0.077333 0.138667 0.082667
0.125333 0.066667 0.712000 0.096000
0.029333 0.072000 0.848000 0.050667
0.256000 0.538667 0.024000 0.181333
0.010667 0.245333 0.018667 0.725333
0.013333 0.002667 0.002667 0.981333
0.986667 0.000000 0.005333 0.008000
0.554667 0.016000 0.400000 0.029333
0.101333 0.032000 0.528000 0.338667
0.069333 0.848000 0.040000 0.042667
0.034667 0.474667 0.026667 0.464000
0.048000 0.066667 0.056000 0.829333

MOTIF motif_2 motif_2
letter-probability matrix: alength= 4 w= 24
0.121581 0.069909 0.218845 0.589666
0.802432 0.054711 0.033435 0.109422
0.173252 0.069909 0.696049 0.060790
0.115502 0.364742 0.443769 0.075988
0.182371 0.689970 0.015198 0.112462
0.145897 0.206687 0.048632 0.598784
0.379939 0.039514 0.072948 0.507599
0.790274 0.066869 0.100304 0.042553
0.246201 0.121581 0.565350 0.066869
0.136778 0.337386 0.437690 0.088146
0.130699 0.735562 0.036474 0.097264
0.063830 0.322188 0.021277 0.592705
0.291793 0.079027 0.021277 0.607903
0.787234 0.085106 0.057751 0.069909
0.361702 0.045593 0.510638 0.082067
0.060790 0.255319 0.577508 0.106383
0.024316 0.887538 0.075988 0.012158
0.075988 0.288754 0.045593 0.589666
0.124620 0.173252 0.075988 0.626140
0.933131 0.012158 0.036474 0.018237
0.787234 0.024316 0.142857 0.045593
0.042553 0.124620 0.410334 0.422492
0.033435 0.930091 0.006079 0.030395
0.063830 0.534954 0.060790 0.340426

