MEME version 4

ALPHABET= ACGT

strands: + -

MOTIF motif_1 motif_1
letter-probability matrix: alength= 4 w= 24
0.260377 0.271698 0.252830 0.215094
0.350943 0.226415 0.222642 0.200000
0.384906 0.267925 0.101887 0.245283
0.267925 0.275472 0.222642 0.233962
0.275472 0.290566 0.237736 0.196226
0.294340 0.215094 0.215094 0.275472
0.245283 0.192453 0.260377 0.301887
0.256604 0.230189 0.328302 0.184906
0.279245 0.252830 0.173585 0.294340
0.464151 0.128302 0.026415 0.381132
0.822642 0.067925 0.056604 0.052830
0.984906 0.011321 0.003774 0.000000
0.041509 0.188679 0.026415 0.743396
0.026415 0.264151 0.037736 0.671698
0.116981 0.471698 0.230189 0.181132
0.879245 0.003774 0.083019 0.033962
0.932075 0.022642 0.045283 0.000000
0.000000 0.000000 0.000000 1.000000
0.064151 0.090566 0.033962 0.811321
0.490566 0.041509 0.101887 0.366038
0.283019 0.162264 0.290566 0.264151
0.430189 0.241509 0.143396 0.184906
0.249057 0.150943 0.158491 0.441509
0.309434 0.147170 0.177358 0.366038

MOTIF motif_2 motif_2
letter-probability matrix: alength= 4 w= 24
0.359281 0.182635 0.146707 0.311377
0.263473 0.248503 0.215569 0.272455
0.251497 0.290419 0.218563 0.239521
0.236527 0.266467 0.299401 0.197605
0.368263 0.221557 0.122754 0.287425
0.347305 0.122754 0.014970 0.514970
0.811377 0.035928 0.056886 0.095808
0.973054 0.002994 0.000000 0.023952
0.026946 0.053892 0.020958 0.898204
0.032934 0.179641 0.080838 0.706587
0.242515 0.311377 0.326347 0.119760
0.464072 0.155689 0.329341 0.050898
0.823353 0.023952 0.101796 0.050898
0.005988 0.000000 0.011976 0.982036
0.038922 0.104790 0.011976 0.844311
0.440120 0.041916 0.170659 0.347305
0.173653 0.272455 0.143713 0.410180
0.125749 0.317365 0.329341 0.227545
0.236527 0.287425 0.170659 0.305389
0.227545 0.317365 0.254491 0.200599
0.308383 0.299401 0.155689 0.236527
0.209581 0.263473 0.269461 0.257485
0.290419 0.293413 0.221557 0.194611
0.209581 0.263473 0.242515 0.284431

