MEME version 4

ALPHABET= ACGT

strands: + -

MOTIF motif_11 motif_11
letter-probability matrix: alength= 4 w= 24
0.210526 0.328173 0.077399 0.383901
0.077399 0.284830 0.396285 0.241486
0.467492 0.046440 0.074303 0.411765
0.046440 0.058824 0.065015 0.829721
0.817337 0.043344 0.077399 0.061920
0.408669 0.080495 0.043344 0.467492
0.123839 0.470588 0.340557 0.065015
0.916409 0.003096 0.024768 0.055728
0.229102 0.229102 0.291022 0.250774
0.272446 0.108359 0.068111 0.551084
0.148607 0.226006 0.318885 0.306502
0.275542 0.086687 0.114551 0.523220
0.139319 0.204334 0.386997 0.269350
0.263158 0.133127 0.191950 0.411765
0.321981 0.055728 0.352941 0.269350
0.275542 0.207430 0.092879 0.424149
0.179567 0.176471 0.256966 0.386997
0.390093 0.083591 0.108359 0.417957
0.306502 0.356037 0.204334 0.133127
0.312693 0.108359 0.210526 0.368421
0.195046 0.263158 0.278638 0.263158
0.315789 0.083591 0.359133 0.241486
0.089783 0.291022 0.219814 0.399381
0.198142 0.095975 0.263158 0.442724

MOTIF motif_2 motif_2
letter-probability matrix: alength= 4 w= 24
0.396947 0.152672 0.164122 0.286260
0.312977 0.179389 0.198473 0.309160
0.270992 0.095420 0.175573 0.458015
0.251908 0.064885 0.377863 0.305344
0.198473 0.469466 0.011450 0.320611
0.076336 0.530534 0.267176 0.125954
0.843511 0.019084 0.114504 0.022901
0.007634 0.958015 0.000000 0.034351
0.045802 0.003817 0.946565 0.003817
0.007634 0.026718 0.022901 0.942748
0.034351 0.251908 0.519084 0.194656
0.278626 0.057252 0.377863 0.286260
0.125954 0.488550 0.049618 0.335878
0.423664 0.167939 0.156489 0.251908
0.419847 0.122137 0.198473 0.259542
0.217557 0.293893 0.209924 0.278626
0.274809 0.251908 0.187023 0.286260
0.297710 0.251908 0.187023 0.263359
0.217557 0.259542 0.156489 0.366412
0.347328 0.217557 0.171756 0.263359
0.358779 0.183206 0.232824 0.225191
0.404580 0.213740 0.095420 0.286260
0.332061 0.164122 0.229008 0.274809
0.381679 0.217557 0.160305 0.240458

MOTIF motif_10 motif_10
letter-probability matrix: alength= 4 w= 24
0.155844 0.279221 0.181818 0.383117
0.201299 0.435065 0.097403 0.266234
0.259740 0.162338 0.090909 0.487013
0.370130 0.298701 0.058442 0.272727
0.350649 0.162338 0.194805 0.292208
0.220779 0.233766 0.149351 0.396104
0.246753 0.292208 0.123377 0.337662
0.220779 0.175325 0.149351 0.454545
0.149351 0.370130 0.188312 0.292208
0.155844 0.285714 0.194805 0.363636
0.331169 0.350649 0.149351 0.168831
0.168831 0.181818 0.149351 0.500000
0.311688 0.344156 0.045455 0.298701
0.129870 0.201299 0.123377 0.545455
0.025974 0.298701 0.077922 0.597403
0.077922 0.597403 0.168831 0.155844
0.006494 0.084416 0.058442 0.850649
0.025974 0.006494 0.025974 0.941558
0.701299 0.181818 0.045455 0.071429
0.019481 0.006494 0.000000 0.974026
0.025974 0.935065 0.019481 0.019481
0.597403 0.000000 0.149351 0.253247
0.220779 0.149351 0.376623 0.253247
0.123377 0.116883 0.032468 0.727273

