MEME version 4

ALPHABET= ACGT

strands: + -

MOTIF motif_1 motif_1
letter-probability matrix: alength= 4 w= 24
0.242958 0.232394 0.246479 0.278169
0.426056 0.158451 0.119718 0.295775
0.274648 0.242958 0.151408 0.330986
0.352113 0.193662 0.084507 0.369718
0.288732 0.366197 0.137324 0.207746
0.278169 0.190141 0.144366 0.387324
0.214789 0.218310 0.154930 0.411972
0.176056 0.158451 0.119718 0.545775
0.151408 0.105634 0.264085 0.478873
0.098592 0.404930 0.161972 0.334507
0.003521 0.077465 0.017606 0.901408
0.014085 0.007042 0.373239 0.605634
0.947183 0.014085 0.035211 0.003521
0.007042 0.031690 0.003521 0.957746
0.457746 0.507042 0.024648 0.010563
0.890845 0.021127 0.045775 0.042254
0.302817 0.063380 0.524648 0.109155
0.242958 0.235915 0.070423 0.450704
0.383803 0.105634 0.197183 0.313380
0.373239 0.197183 0.228873 0.200704
0.278169 0.200704 0.218310 0.302817
0.345070 0.088028 0.176056 0.390845
0.295775 0.137324 0.190141 0.376761
0.239437 0.140845 0.144366 0.475352

MOTIF motif_7 motif_7
letter-probability matrix: alength= 4 w= 24
0.325581 0.069767 0.197674 0.406977
0.186047 0.197674 0.151163 0.465116
0.348837 0.034884 0.441860 0.174419
0.267442 0.116279 0.139535 0.476744
0.360465 0.197674 0.116279 0.325581
0.546512 0.290698 0.069767 0.093023
0.337209 0.069767 0.151163 0.441860
0.302326 0.011628 0.360465 0.325581
0.104651 0.383721 0.255814 0.255814
0.093023 0.000000 0.000000 0.906977
0.046512 0.011628 0.883721 0.058140
0.034884 0.011628 0.000000 0.953488
0.034884 0.069767 0.023256 0.872093
0.046512 0.000000 0.000000 0.953488
0.581395 0.081395 0.267442 0.069767
0.046512 0.534884 0.023256 0.395349
0.325581 0.232558 0.313953 0.127907
0.488372 0.081395 0.220930 0.209302
0.174419 0.116279 0.232558 0.476744
0.197674 0.011628 0.337209 0.453488
0.418605 0.069767 0.186047 0.325581
0.383721 0.255814 0.104651 0.255814
0.511628 0.046512 0.127907 0.313953
0.116279 0.244186 0.186047 0.453488

MOTIF motif_11 motif_11
letter-probability matrix: alength= 4 w= 24
0.456432 0.058091 0.074689 0.410788
0.116183 0.319502 0.132780 0.431535
0.178423 0.157676 0.045643 0.618257
0.045643 0.153527 0.041494 0.759336
0.074689 0.344398 0.394191 0.186722
0.062241 0.074689 0.020747 0.842324
0.020747 0.008299 0.000000 0.970954
0.647303 0.049793 0.195021 0.107884
0.082988 0.020747 0.004149 0.892116
0.000000 0.755187 0.016598 0.228216
0.468880 0.016598 0.190871 0.323651
0.410788 0.049793 0.439834 0.099585
0.049793 0.244813 0.037344 0.668050
0.493776 0.165975 0.095436 0.244813
0.473029 0.091286 0.095436 0.340249
0.273859 0.153527 0.282158 0.290456
0.265560 0.257261 0.120332 0.356846
0.315353 0.149378 0.207469 0.327801
0.257261 0.128631 0.136929 0.477178
0.319502 0.294606 0.178423 0.207469
0.265560 0.095436 0.099585 0.539419
0.203320 0.240664 0.207469 0.348548
0.294606 0.190871 0.120332 0.394191
0.311203 0.199170 0.170124 0.319502

MOTIF motif_9 motif_9
letter-probability matrix: alength= 4 w= 24
0.258216 0.234742 0.089202 0.417840
0.408451 0.084507 0.122066 0.384977
0.408451 0.140845 0.291080 0.159624
0.262911 0.150235 0.075117 0.511737
0.211268 0.145540 0.323944 0.319249
0.352113 0.079812 0.192488 0.375587
0.140845 0.300469 0.093897 0.464789
0.258216 0.169014 0.328638 0.244131
0.441315 0.244131 0.164319 0.150235
0.342723 0.056338 0.427230 0.173709
0.253521 0.300469 0.234742 0.211268
0.178404 0.098592 0.065728 0.657277
0.032864 0.023474 0.915493 0.028169
0.699531 0.032864 0.037559 0.230047
0.093897 0.262911 0.004695 0.638498
0.929577 0.009390 0.009390 0.051643
0.845070 0.042254 0.075117 0.037559
0.075117 0.488263 0.408451 0.028169
0.582160 0.239437 0.140845 0.037559
0.474178 0.178404 0.220657 0.126761
0.366197 0.220657 0.211268 0.201878
0.347418 0.197183 0.220657 0.234742
0.328638 0.206573 0.201878 0.262911
0.450704 0.122066 0.220657 0.206573

MOTIF motif_2 motif_2
letter-probability matrix: alength= 4 w= 24
0.424699 0.171687 0.213855 0.189759
0.316265 0.277108 0.084337 0.322289
0.243976 0.117470 0.138554 0.500000
0.259036 0.132530 0.349398 0.259036
0.364458 0.066265 0.225904 0.343373
0.253012 0.403614 0.216867 0.126506
0.400602 0.210843 0.111446 0.277108
0.397590 0.234940 0.171687 0.195783
0.487952 0.093373 0.168675 0.250000
0.457831 0.117470 0.093373 0.331325
0.418675 0.183735 0.084337 0.313253
0.527108 0.102410 0.111446 0.259036
0.554217 0.039157 0.111446 0.295181
0.515060 0.108434 0.159639 0.216867
0.168675 0.189759 0.237952 0.403614
0.060241 0.018072 0.033133 0.888554
0.054217 0.048193 0.888554 0.009036
0.394578 0.027108 0.033133 0.545181
0.030120 0.090361 0.003012 0.876506
0.301205 0.027108 0.180723 0.490964
0.596386 0.015060 0.292169 0.096386
0.102410 0.403614 0.201807 0.292169
0.274096 0.207831 0.373494 0.144578
0.385542 0.216867 0.135542 0.262048

MOTIF motif_10 motif_10
letter-probability matrix: alength= 4 w= 24
0.256173 0.151235 0.200617 0.391975
0.206790 0.070988 0.058642 0.663580
0.185185 0.018519 0.793210 0.003086
0.055556 0.046296 0.037037 0.861111
0.438272 0.194444 0.024691 0.342593
0.617284 0.061728 0.024691 0.296296
0.873457 0.006173 0.040123 0.080247
0.015432 0.888889 0.009259 0.086420
0.811728 0.077160 0.024691 0.086420
0.351852 0.188272 0.209877 0.250000
0.228395 0.123457 0.246914 0.401235
0.262346 0.111111 0.179012 0.447531
0.222222 0.188272 0.126543 0.462963
0.274691 0.104938 0.126543 0.493827
0.330247 0.148148 0.169753 0.351852
0.222222 0.203704 0.197531 0.376543
0.268519 0.172840 0.296296 0.262346
0.376543 0.157407 0.293210 0.172840
0.283951 0.166667 0.234568 0.314815
0.317901 0.219136 0.132716 0.330247
0.364198 0.234568 0.135802 0.265432
0.385802 0.172840 0.169753 0.271605
0.425926 0.145062 0.151235 0.277778
0.274691 0.169753 0.200617 0.354938

