MEME version 4

ALPHABET= ACGT

strands: + -

MOTIF motif_11 motif_11
letter-probability matrix: alength= 4 w= 24
0.121951 0.164634 0.439024 0.274390
0.292683 0.048780 0.451220 0.207317
0.323171 0.042683 0.378049 0.256098
0.170732 0.146341 0.329268 0.353659
0.189024 0.347561 0.048780 0.414634
0.390244 0.359756 0.006098 0.243902
0.085366 0.067073 0.835366 0.012195
0.774390 0.079268 0.067073 0.079268
0.378049 0.134146 0.274390 0.213415
0.042683 0.829268 0.103659 0.024390
0.274390 0.414634 0.280488 0.030488
0.286585 0.371951 0.134146 0.207317
0.158537 0.506098 0.170732 0.164634
0.317073 0.146341 0.243902 0.292683
0.036585 0.097561 0.646341 0.219512
0.530488 0.146341 0.012195 0.310976
0.030488 0.823171 0.042683 0.103659
0.182927 0.384146 0.091463 0.341463
0.402439 0.182927 0.213415 0.201220
0.225610 0.286585 0.097561 0.390244
0.231707 0.140244 0.091463 0.536585
0.164634 0.280488 0.451220 0.103659
0.286585 0.378049 0.292683 0.042683
0.146341 0.097561 0.579268 0.176829

