MEME version 4

ALPHABET= ACGT

strands: + -

MOTIF motif_2 motif_2
letter-probability matrix: alength= 4 w= 24
0.402062 0.175258 0.381443 0.041237
0.608247 0.185567 0.051546 0.154639
0.463918 0.185567 0.206186 0.144330
0.319588 0.103093 0.484536 0.092784
0.865979 0.051546 0.061856 0.020619
0.123711 0.041237 0.618557 0.216495
0.814433 0.072165 0.113402 0.000000
0.123711 0.226804 0.649485 0.000000
0.886598 0.041237 0.051546 0.020619
0.350515 0.206186 0.288660 0.154639
0.082474 0.350515 0.412371 0.154639
0.391753 0.010309 0.587629 0.010309
0.536082 0.144330 0.226804 0.092784
0.309278 0.144330 0.432990 0.113402
0.340206 0.041237 0.515464 0.103093
0.432990 0.144330 0.195876 0.226804
0.412371 0.195876 0.216495 0.175258
0.567010 0.123711 0.072165 0.237113
0.360825 0.360825 0.134021 0.144330
0.371134 0.010309 0.567010 0.051546
0.422680 0.185567 0.247423 0.144330
0.020619 0.000000 0.731959 0.247423
0.628866 0.092784 0.268041 0.010309
0.329897 0.175258 0.391753 0.103093

MOTIF motif_10 motif_10
letter-probability matrix: alength= 4 w= 24
0.000000 0.139535 0.162791 0.697674
0.209302 0.093023 0.255814 0.441860
0.069767 0.511628 0.302326 0.116279
0.069767 0.000000 0.046512 0.883721
0.000000 0.651163 0.093023 0.255814
0.000000 0.255814 0.023256 0.720930
0.023256 0.488372 0.116279 0.372093
0.046512 0.558140 0.046512 0.348837
0.395349 0.116279 0.186047 0.302326
0.116279 0.069767 0.046512 0.767442
0.000000 0.232558 0.279070 0.488372
0.046512 0.302326 0.162791 0.488372
0.348837 0.372093 0.209302 0.069767
0.069767 0.069767 0.093023 0.767442
0.162791 0.395349 0.139535 0.302326
0.069767 0.511628 0.139535 0.279070
0.069767 0.279070 0.023256 0.627907
0.069767 0.069767 0.000000 0.860465
0.023256 0.604651 0.069767 0.302326
0.279070 0.023256 0.023256 0.674419
0.232558 0.255814 0.023256 0.488372
0.325581 0.139535 0.186047 0.348837
0.162791 0.418605 0.000000 0.418605
0.465116 0.000000 0.093023 0.441860

