MEME version 4

ALPHABET= ACGT

strands: + -

MOTIF motif_5 motif_5
letter-probability matrix: alength= 4 w= 24
0.088608 0.037975 0.392405 0.481013
0.303797 0.329114 0.291139 0.075949
0.189873 0.430380 0.291139 0.088608
0.050633 0.481013 0.341772 0.126582
0.506329 0.126582 0.075949 0.291139
0.354430 0.392405 0.139241 0.113924
0.227848 0.101266 0.113924 0.556962
0.063291 0.354430 0.265823 0.316456
0.227848 0.050633 0.177215 0.544304
0.189873 0.430380 0.240506 0.139241
0.063291 0.417722 0.025316 0.493671
0.202532 0.025316 0.721519 0.050633
0.139241 0.050633 0.012658 0.797468
0.177215 0.316456 0.215190 0.291139
0.075949 0.164557 0.063291 0.696203
0.506329 0.253165 0.139241 0.101266
0.189873 0.443038 0.139241 0.227848
0.278481 0.113924 0.075949 0.531646
0.367089 0.278481 0.227848 0.126582
0.265823 0.506329 0.063291 0.164557
0.012658 0.139241 0.037975 0.810127
0.101266 0.379747 0.037975 0.481013
0.037975 0.063291 0.012658 0.886076
0.189873 0.253165 0.139241 0.417722

