MEME version 4

ALPHABET= ACGT

strands: + -

MOTIF motif_6 motif_6
letter-probability matrix: alength= 4 w= 24
0.076555 0.354067 0.086124 0.483254
0.090909 0.492823 0.086124 0.330144
0.669856 0.038278 0.062201 0.229665
0.344498 0.119617 0.344498 0.191388
0.023923 0.033493 0.818182 0.124402
0.052632 0.808612 0.047847 0.090909
0.066986 0.172249 0.344498 0.416268
0.148325 0.052632 0.330144 0.468900
0.588517 0.287081 0.014354 0.110048
0.224880 0.052632 0.492823 0.229665
0.287081 0.028708 0.425837 0.258373
0.062201 0.818182 0.028708 0.090909
0.196172 0.172249 0.110048 0.521531
0.133971 0.081340 0.081340 0.703349
0.645933 0.229665 0.057416 0.066986
0.186603 0.143541 0.354067 0.315789
0.119617 0.062201 0.755981 0.062201
0.090909 0.617225 0.023923 0.267943
0.071770 0.114833 0.057416 0.755981
0.167464 0.023923 0.162679 0.645933
0.598086 0.177033 0.100478 0.124402
0.253589 0.205742 0.210526 0.330144
0.129187 0.148325 0.421053 0.301435
0.153110 0.622010 0.014354 0.210526

