MEME version 4

ALPHABET= ACGT

strands: + -

MOTIF motif_12 motif_12
letter-probability matrix: alength= 4 w= 24
0.115789 0.105263 0.715789 0.063158
0.073684 0.031579 0.800000 0.094737
0.347368 0.010526 0.494737 0.147368
0.315789 0.042105 0.042105 0.600000
0.031579 0.010526 0.042105 0.915789
0.000000 0.694737 0.000000 0.305263
0.178947 0.000000 0.800000 0.021053
0.989474 0.000000 0.010526 0.000000
0.652632 0.031579 0.105263 0.210526
0.021053 0.715789 0.031579 0.231579
0.031579 0.726316 0.136842 0.105263
0.126316 0.726316 0.073684 0.073684
0.105263 0.557895 0.273684 0.063158
0.178947 0.410526 0.326316 0.084211
0.126316 0.221053 0.526316 0.126316
0.389474 0.294737 0.094737 0.221053
0.168421 0.463158 0.200000 0.168421
0.105263 0.431579 0.315789 0.147368
0.073684 0.105263 0.442105 0.378947
0.189474 0.221053 0.221053 0.368421
0.136842 0.231579 0.242105 0.389474
0.200000 0.431579 0.126316 0.242105
0.189474 0.105263 0.505263 0.200000
0.357895 0.357895 0.063158 0.221053

MOTIF motif_5 motif_5
letter-probability matrix: alength= 4 w= 24
0.140351 0.105263 0.754386 0.000000
0.438596 0.070175 0.298246 0.192982
0.052632 0.561404 0.245614 0.140351
0.017544 0.140351 0.035088 0.807018
0.070175 0.491228 0.333333 0.105263
0.105263 0.228070 0.350877 0.315789
0.403509 0.087719 0.000000 0.508772
0.596491 0.035088 0.315789 0.052632
0.614035 0.140351 0.140351 0.105263
0.140351 0.543860 0.052632 0.263158
0.017544 0.824561 0.070175 0.087719
0.368421 0.122807 0.263158 0.245614
0.210526 0.403509 0.140351 0.245614
0.298246 0.070175 0.350877 0.280702
0.614035 0.245614 0.017544 0.122807
0.017544 0.192982 0.701754 0.087719
0.122807 0.000000 0.877193 0.000000
0.122807 0.473684 0.070175 0.333333
0.140351 0.631579 0.052632 0.175439
0.631579 0.070175 0.298246 0.000000
0.000000 0.456140 0.245614 0.298246
0.210526 0.245614 0.280702 0.263158
0.070175 0.105263 0.719298 0.105263
0.070175 0.280702 0.473684 0.175439

MOTIF motif_10 motif_10
letter-probability matrix: alength= 4 w= 24
0.255319 0.063830 0.127660 0.553191
0.829787 0.000000 0.021277 0.148936
0.234043 0.106383 0.170213 0.489362
0.553191 0.063830 0.276596 0.106383
0.148936 0.808511 0.021277 0.021277
0.234043 0.148936 0.000000 0.617021
0.595745 0.127660 0.063830 0.212766
0.063830 0.595745 0.042553 0.297872
0.595745 0.148936 0.212766 0.042553
0.297872 0.063830 0.276596 0.361702
0.297872 0.042553 0.127660 0.531915
0.340426 0.042553 0.425532 0.191489
0.319149 0.297872 0.170213 0.212766
0.170213 0.255319 0.361702 0.212766
0.148936 0.255319 0.404255 0.191489
0.382979 0.191489 0.063830 0.361702
0.553191 0.340426 0.042553 0.063830
0.297872 0.297872 0.000000 0.404255
0.808511 0.042553 0.042553 0.106383
0.085106 0.000000 0.127660 0.787234
0.234043 0.319149 0.063830 0.382979
0.255319 0.085106 0.404255 0.255319
0.617021 0.127660 0.063830 0.191489
0.468085 0.085106 0.297872 0.148936

