MEME version 4

ALPHABET= ACGT

strands: + -

MOTIF motif_12 motif_12
letter-probability matrix: alength= 4 w= 24
0.067901 0.450617 0.179012 0.302469
0.111111 0.216049 0.117284 0.555556
0.055556 0.216049 0.141975 0.586420
0.080247 0.339506 0.024691 0.555556
0.117284 0.388889 0.092593 0.401235
0.154321 0.179012 0.086420 0.580247
0.092593 0.061728 0.012346 0.833333
0.148148 0.222222 0.030864 0.598765
0.074074 0.148148 0.240741 0.537037
0.191358 0.382716 0.154321 0.271605
0.191358 0.135802 0.135802 0.537037
0.271605 0.141975 0.037037 0.549383
0.123457 0.444444 0.148148 0.283951
0.290123 0.265432 0.123457 0.320988
0.148148 0.327160 0.061728 0.462963
0.080247 0.666667 0.049383 0.203704
0.388889 0.129630 0.333333 0.148148
0.086420 0.530864 0.154321 0.228395
0.358025 0.086420 0.524691 0.030864
0.061728 0.000000 0.061728 0.876543
0.037037 0.246914 0.555556 0.160494
0.351852 0.209877 0.104938 0.333333
0.037037 0.104938 0.049383 0.808642
0.234568 0.203704 0.203704 0.358025

MOTIF motif_2 motif_2
letter-probability matrix: alength= 4 w= 24
0.388158 0.085526 0.361842 0.164474
0.328947 0.355263 0.157895 0.157895
0.427632 0.164474 0.256579 0.151316
0.276316 0.171053 0.473684 0.078947
0.460526 0.144737 0.190789 0.203947
0.236842 0.440789 0.217105 0.105263
0.526316 0.072368 0.177632 0.223684
0.473684 0.217105 0.256579 0.052632
0.684211 0.046053 0.197368 0.072368
0.309211 0.171053 0.269737 0.250000
0.473684 0.105263 0.276316 0.144737
0.493421 0.197368 0.177632 0.131579
0.526316 0.236842 0.111842 0.125000
0.322368 0.138158 0.289474 0.250000
0.342105 0.092105 0.157895 0.407895
0.230263 0.197368 0.282895 0.289474
0.296053 0.611842 0.092105 0.000000
0.651316 0.013158 0.177632 0.157895
0.019737 0.914474 0.000000 0.065789
0.388158 0.065789 0.473684 0.072368
0.026316 0.026316 0.072368 0.875000
0.118421 0.006579 0.855263 0.019737
0.723684 0.085526 0.046053 0.144737
0.164474 0.328947 0.098684 0.407895

MOTIF motif_10 motif_10
letter-probability matrix: alength= 4 w= 24
0.333333 0.013889 0.236111 0.416667
0.458333 0.083333 0.069444 0.388889
0.069444 0.263889 0.208333 0.458333
0.361111 0.111111 0.250000 0.277778
0.180556 0.083333 0.111111 0.625000
0.013889 0.694444 0.236111 0.055556
0.444444 0.069444 0.097222 0.388889
0.055556 0.611111 0.027778 0.305556
0.680556 0.027778 0.236111 0.055556
0.027778 0.013889 0.097222 0.861111
0.013889 0.125000 0.791667 0.069444
0.375000 0.166667 0.027778 0.430556
0.069444 0.152778 0.416667 0.361111
0.013889 0.013889 0.152778 0.819444
0.041667 0.055556 0.236111 0.666667
0.180556 0.222222 0.000000 0.597222
0.125000 0.166667 0.611111 0.097222
0.180556 0.180556 0.041667 0.597222
0.208333 0.444444 0.152778 0.194444
0.458333 0.097222 0.083333 0.361111
0.347222 0.152778 0.236111 0.263889
0.222222 0.236111 0.125000 0.416667
0.111111 0.111111 0.194444 0.583333
0.319444 0.000000 0.138889 0.541667

MOTIF motif_6 motif_6
letter-probability matrix: alength= 4 w= 24
0.335404 0.180124 0.211180 0.273292
0.226708 0.263975 0.214286 0.295031
0.257764 0.245342 0.170807 0.326087
0.279503 0.177019 0.217391 0.326087
0.267081 0.236025 0.257764 0.239130
0.304348 0.211180 0.186335 0.298137
0.372671 0.130435 0.301242 0.195652
0.468944 0.105590 0.332298 0.093168
0.186335 0.121118 0.080745 0.611801
0.000000 1.000000 0.000000 0.000000
0.900621 0.009317 0.009317 0.080745
0.018634 0.633540 0.096273 0.251553
0.198758 0.059006 0.729814 0.012422
0.155280 0.031056 0.027950 0.785714
0.000000 0.000000 0.981366 0.018634
0.531056 0.118012 0.167702 0.183230
0.186335 0.276398 0.071429 0.465839
0.301242 0.226708 0.133540 0.338509
0.282609 0.201863 0.201863 0.313665
0.229814 0.263975 0.161491 0.344720
0.263975 0.164596 0.229814 0.341615
0.279503 0.220497 0.195652 0.304348
0.276398 0.223602 0.263975 0.236025
0.335404 0.139752 0.229814 0.295031

