MEME version 4

ALPHABET= ACGT

strands: + -

MOTIF motif_12 motif_12
letter-probability matrix: alength= 4 w= 24
0.210526 0.307692 0.174089 0.307692
0.093117 0.198381 0.376518 0.331984
0.246964 0.303644 0.145749 0.303644
0.340081 0.271255 0.129555 0.259109
0.311741 0.263158 0.165992 0.259109
0.360324 0.121457 0.149798 0.368421
0.242915 0.226721 0.186235 0.344130
0.279352 0.275304 0.190283 0.255061
0.275304 0.226721 0.157895 0.340081
0.206478 0.190283 0.210526 0.392713
0.279352 0.174089 0.271255 0.275304
0.210526 0.194332 0.194332 0.400810
0.202429 0.194332 0.182186 0.421053
0.242915 0.190283 0.141700 0.425101
0.251012 0.194332 0.080972 0.473684
0.129555 0.607287 0.214575 0.048583
0.052632 0.012146 0.004049 0.931174
0.028340 0.068826 0.408907 0.493927
0.963563 0.024291 0.008097 0.004049
0.004049 0.008097 0.000000 0.987854
0.307692 0.647773 0.020243 0.024291
0.870445 0.000000 0.044534 0.085020
0.202429 0.202429 0.449393 0.145749
0.473684 0.068826 0.125506 0.331984

MOTIF motif_11 motif_11
letter-probability matrix: alength= 4 w= 24
0.027108 0.370482 0.237952 0.364458
0.114458 0.231928 0.466867 0.186747
0.117470 0.195783 0.093373 0.593373
0.060241 0.180723 0.030120 0.728916
0.822289 0.033133 0.069277 0.075301
0.108434 0.006024 0.051205 0.834337
0.012048 0.804217 0.054217 0.129518
0.668675 0.009036 0.042169 0.280120
0.150602 0.262048 0.463855 0.123494
0.159639 0.171687 0.021084 0.647590
0.120482 0.271084 0.228916 0.379518
0.349398 0.063253 0.213855 0.373494
0.240964 0.195783 0.198795 0.364458
0.231928 0.343373 0.138554 0.286145
0.286145 0.120482 0.373494 0.219880
0.319277 0.147590 0.228916 0.304217
0.222892 0.219880 0.201807 0.355422
0.192771 0.132530 0.307229 0.367470
0.292169 0.174699 0.240964 0.292169
0.460843 0.174699 0.256024 0.108434
0.268072 0.246988 0.183735 0.301205
0.334337 0.295181 0.111446 0.259036
0.415663 0.198795 0.189759 0.195783
0.337349 0.192771 0.319277 0.150602

MOTIF motif_9 motif_9
letter-probability matrix: alength= 4 w= 24
0.141129 0.233871 0.314516 0.310484
0.366935 0.141129 0.306452 0.185484
0.302419 0.241935 0.157258 0.298387
0.423387 0.125000 0.245968 0.205645
0.471774 0.112903 0.245968 0.169355
0.415323 0.129032 0.225806 0.229839
0.487903 0.129032 0.116935 0.266129
0.306452 0.205645 0.233871 0.254032
0.366935 0.141129 0.306452 0.185484
0.641129 0.068548 0.141129 0.149194
0.322581 0.342742 0.157258 0.177419
0.387097 0.108871 0.020161 0.483871
0.028226 0.052419 0.895161 0.024194
0.895161 0.004032 0.052419 0.048387
0.024194 0.282258 0.129032 0.564516
0.971774 0.016129 0.004032 0.008065
0.794355 0.044355 0.129032 0.032258
0.358871 0.161290 0.399194 0.080645
0.387097 0.209677 0.342742 0.060484
0.528226 0.092742 0.233871 0.145161
0.270161 0.229839 0.383065 0.116935
0.274194 0.181452 0.161290 0.383065
0.068548 0.141129 0.528226 0.262097
0.237903 0.197581 0.233871 0.330645

