MEME version 4

ALPHABET= ACGT

strands: + -

MOTIF motif_3 motif_3
letter-probability matrix: alength= 4 w= 24
0.272425 0.225914 0.192691 0.308970
0.219269 0.212625 0.279070 0.289037
0.219269 0.299003 0.192691 0.289037
0.239203 0.215947 0.245847 0.299003
0.308970 0.219269 0.295681 0.176080
0.368771 0.245847 0.219269 0.166113
0.239203 0.212625 0.312292 0.235880
0.196013 0.302326 0.255814 0.245847
0.544850 0.066445 0.382060 0.006645
0.548173 0.119601 0.212625 0.119601
0.003322 0.983389 0.006645 0.006645
0.986711 0.000000 0.009967 0.003322
0.229236 0.059801 0.681063 0.029900
0.023256 0.694352 0.096346 0.186047
0.019934 0.006645 0.000000 0.973422
0.006645 0.000000 0.983389 0.009967
0.222591 0.152824 0.102990 0.521595
0.000000 0.448505 0.039867 0.511628
0.205980 0.322259 0.318937 0.152824
0.192691 0.242525 0.205980 0.358804
0.129568 0.229236 0.229236 0.411960
0.245847 0.202658 0.225914 0.325581
0.209302 0.225914 0.212625 0.352159
0.196013 0.292359 0.242525 0.269103

MOTIF motif_14 motif_14
letter-probability matrix: alength= 4 w= 24
0.374631 0.179941 0.230088 0.215339
0.294985 0.262537 0.238938 0.203540
0.309735 0.306785 0.244838 0.138643
0.321534 0.194690 0.259587 0.224189
0.182891 0.345133 0.289086 0.182891
0.522124 0.082596 0.371681 0.023599
0.495575 0.150442 0.194690 0.159292
0.002950 0.991150 0.002950 0.002950
0.914454 0.008850 0.017699 0.058997
0.188791 0.100295 0.681416 0.029499
0.008850 0.743363 0.088496 0.159292
0.023599 0.020649 0.002950 0.952802
0.000000 0.002950 0.997050 0.000000
0.138643 0.174041 0.085546 0.601770
0.017699 0.294985 0.174041 0.513274
0.138643 0.333333 0.262537 0.265487
0.274336 0.200590 0.224189 0.300885
0.241888 0.283186 0.168142 0.306785
0.259587 0.303835 0.174041 0.262537
0.300885 0.132743 0.233038 0.333333
0.238938 0.176991 0.321534 0.262537
0.194690 0.277286 0.221239 0.306785
0.253687 0.197640 0.271386 0.277286
0.191740 0.303835 0.185841 0.318584

