MEME version 4

ALPHABET= ACGT

strands: + -

MOTIF motif_10 motif_10
letter-probability matrix: alength= 4 w= 24
0.064220 0.146789 0.165138 0.623853
0.045872 0.330275 0.174312 0.449541
0.229358 0.504587 0.174312 0.091743
0.073394 0.036697 0.009174 0.880734
0.009174 0.798165 0.027523 0.165138
0.146789 0.073394 0.045872 0.733945
0.128440 0.376147 0.366972 0.128440
0.146789 0.311927 0.110092 0.431193
0.201835 0.284404 0.256881 0.256881
0.045872 0.165138 0.091743 0.697248
0.009174 0.779817 0.119266 0.091743
0.284404 0.045872 0.009174 0.660550
0.009174 0.935780 0.009174 0.045872
0.009174 0.000000 0.119266 0.871560
0.183486 0.376147 0.091743 0.348624
0.091743 0.128440 0.091743 0.688073
0.146789 0.247706 0.183486 0.422018
0.036697 0.339450 0.009174 0.614679
0.321101 0.293578 0.201835 0.183486
0.018349 0.100917 0.256881 0.623853
0.119266 0.541284 0.064220 0.275229
0.174312 0.100917 0.174312 0.550459
0.293578 0.229358 0.110092 0.366972
0.201835 0.394495 0.128440 0.275229

