MEME version 4

ALPHABET= ACGT

strands: + -

MOTIF motif_1 motif_1
letter-probability matrix: alength= 4 w= 24
0.413793 0.231527 0.270936 0.083744
0.384236 0.137931 0.034483 0.443350
0.334975 0.059113 0.231527 0.374384
0.004926 0.034483 0.339901 0.620690
0.128079 0.009852 0.862069 0.000000
0.014778 0.965517 0.004926 0.014778
0.014778 0.000000 0.985222 0.000000
0.034483 0.615764 0.162562 0.187192
0.551724 0.236453 0.172414 0.039409
0.162562 0.472906 0.068966 0.295567
0.241379 0.142857 0.098522 0.517241
0.147783 0.285714 0.123153 0.443350
0.334975 0.280788 0.206897 0.177340
0.433498 0.128079 0.098522 0.339901
0.172414 0.192118 0.261084 0.374384
0.133005 0.137931 0.256158 0.472906
0.231527 0.044335 0.103448 0.620690
0.093596 0.162562 0.197044 0.546798
0.113300 0.192118 0.310345 0.384236
0.236453 0.408867 0.157635 0.197044
0.438424 0.206897 0.221675 0.133005
0.226601 0.266010 0.098522 0.408867
0.334975 0.059113 0.231527 0.374384
0.197044 0.162562 0.083744 0.556650

MOTIF motif_7 motif_7
letter-probability matrix: alength= 4 w= 24
0.262108 0.088319 0.589744 0.059829
0.467236 0.111111 0.284900 0.136752
0.039886 0.458689 0.225071 0.276353
0.002849 0.002849 0.005698 0.988604
0.977208 0.005698 0.002849 0.014245
0.022792 0.934473 0.000000 0.042735
0.253561 0.139601 0.190883 0.415954
0.008547 0.008547 0.968661 0.014245
0.000000 0.025641 0.048433 0.925926
0.914530 0.048433 0.011396 0.025641
0.145299 0.225071 0.566952 0.062678
0.136752 0.313390 0.048433 0.501425
0.113960 0.435897 0.105413 0.344729
0.162393 0.253561 0.176638 0.407407
0.142450 0.219373 0.210826 0.427350
0.210826 0.205128 0.159544 0.424501
0.532764 0.091168 0.162393 0.213675
0.490028 0.165242 0.128205 0.216524
0.393162 0.176638 0.185185 0.245014
0.253561 0.071225 0.327635 0.347578
0.153846 0.170940 0.290598 0.384615
0.324786 0.202279 0.196581 0.276353
0.242165 0.199430 0.264957 0.293447
0.136752 0.162393 0.344729 0.356125

MOTIF motif_11 motif_11
letter-probability matrix: alength= 4 w= 24
0.178363 0.157895 0.245614 0.418129
0.307018 0.143275 0.228070 0.321637
0.342105 0.152047 0.210526 0.295322
0.269006 0.368421 0.228070 0.134503
0.230994 0.263158 0.298246 0.207602
0.274854 0.236842 0.233918 0.254386
0.400585 0.222222 0.222222 0.154971
0.245614 0.371345 0.102339 0.280702
0.280702 0.172515 0.172515 0.374269
0.175439 0.160819 0.125731 0.538012
0.213450 0.280702 0.070175 0.435673
0.371345 0.128655 0.233918 0.266082
0.432749 0.233918 0.105263 0.228070
0.356725 0.172515 0.298246 0.172515
0.345029 0.046784 0.505848 0.102339
0.505848 0.087719 0.251462 0.154971
0.040936 0.461988 0.239766 0.257310
0.011696 0.008772 0.002924 0.976608
0.994152 0.005848 0.000000 0.000000
0.002924 0.970760 0.002924 0.023392
0.271930 0.222222 0.160819 0.345029
0.020468 0.005848 0.973684 0.000000
0.005848 0.005848 0.000000 0.988304
0.991228 0.002924 0.002924 0.002924

MOTIF motif_2 motif_2
letter-probability matrix: alength= 4 w= 24
0.310502 0.073059 0.228311 0.388128
0.273973 0.105023 0.187215 0.433790
0.497717 0.210046 0.059361 0.232877
0.378995 0.178082 0.223744 0.219178
0.342466 0.228311 0.114155 0.315068
0.251142 0.269406 0.178082 0.301370
0.319635 0.118721 0.127854 0.433790
0.474886 0.095890 0.305936 0.123288
0.219178 0.109589 0.369863 0.301370
0.182648 0.077626 0.415525 0.324201
0.086758 0.059361 0.136986 0.716895
0.141553 0.351598 0.237443 0.269406
0.013699 0.073059 0.269406 0.643836
0.041096 0.863014 0.031963 0.063927
0.050228 0.036530 0.808219 0.105023
0.146119 0.497717 0.018265 0.337900
0.164384 0.315068 0.173516 0.347032
0.223744 0.063927 0.493151 0.219178
0.027397 0.707763 0.123288 0.141553
0.086758 0.022831 0.762557 0.127854
0.616438 0.214612 0.114155 0.054795
0.196347 0.041096 0.662100 0.100457
0.858447 0.045662 0.036530 0.059361
0.196347 0.374429 0.105023 0.324201

MOTIF motif_10 motif_10
letter-probability matrix: alength= 4 w= 24
0.154545 0.609091 0.090909 0.145455
0.636364 0.027273 0.200000 0.136364
0.527273 0.118182 0.145455 0.209091
0.218182 0.409091 0.054545 0.318182
0.563636 0.045455 0.309091 0.081818
0.554545 0.054545 0.136364 0.254545
0.781818 0.081818 0.109091 0.027273
0.536364 0.145455 0.118182 0.200000
0.400000 0.063636 0.263636 0.272727
0.118182 0.036364 0.045455 0.800000
0.036364 0.190909 0.300000 0.472727
0.436364 0.100000 0.145455 0.318182
0.090909 0.572727 0.145455 0.190909
0.245455 0.063636 0.472727 0.218182
0.581818 0.290909 0.054545 0.072727
0.609091 0.163636 0.154545 0.072727
0.381818 0.372727 0.154545 0.090909
0.409091 0.072727 0.154545 0.363636
0.872727 0.036364 0.009091 0.081818
0.318182 0.354545 0.045455 0.281818
0.172727 0.572727 0.027273 0.227273
0.100000 0.018182 0.854545 0.027273
0.209091 0.345455 0.036364 0.409091
0.763636 0.018182 0.054545 0.163636

MOTIF motif_14 motif_14
letter-probability matrix: alength= 4 w= 24
0.476923 0.220513 0.148718 0.153846
0.338462 0.400000 0.041026 0.220513
0.323077 0.071795 0.307692 0.297436
0.020513 0.194872 0.261538 0.523077
0.184615 0.035897 0.420513 0.358974
0.625641 0.174359 0.035897 0.164103
0.200000 0.317949 0.282051 0.200000
0.092308 0.353846 0.097436 0.456410
0.030769 0.758974 0.030769 0.179487
0.082051 0.148718 0.061538 0.707692
0.020513 0.010256 0.112821 0.856410
0.056410 0.087179 0.010256 0.846154
0.964103 0.015385 0.015385 0.005128
0.964103 0.025641 0.005128 0.005128
0.923077 0.015385 0.035897 0.025641
0.082051 0.025641 0.564103 0.328205
0.153846 0.153846 0.558974 0.133333
0.200000 0.348718 0.200000 0.251282
0.256410 0.082051 0.471795 0.189744
0.092308 0.579487 0.015385 0.312821
0.687179 0.112821 0.051282 0.148718
0.056410 0.446154 0.148718 0.348718
0.348718 0.092308 0.194872 0.364103
0.266667 0.287179 0.215385 0.230769

