MEME version 4

ALPHABET= ACGT

strands: + -

MOTIF motif_3 motif_3
letter-probability matrix: alength= 4 w= 24
0.230216 0.208633 0.287770 0.273381
0.266187 0.366906 0.165468 0.201439
0.294964 0.230216 0.287770 0.187050
0.201439 0.201439 0.294964 0.302158
0.287770 0.194245 0.179856 0.338129
0.273381 0.258993 0.208633 0.258993
0.280576 0.201439 0.057554 0.460432
0.165468 0.194245 0.330935 0.309353
0.258993 0.093525 0.553957 0.093525
0.280576 0.201439 0.244604 0.273381
0.122302 0.460432 0.158273 0.258993
0.014388 0.043165 0.035971 0.906475
1.000000 0.000000 0.000000 0.000000
0.007194 0.949640 0.000000 0.043165
0.158273 0.366906 0.287770 0.187050
0.000000 0.000000 1.000000 0.000000
0.000000 0.014388 0.000000 0.985612
0.949640 0.028777 0.021583 0.000000
0.258993 0.208633 0.431655 0.100719
0.237410 0.273381 0.165468 0.323741
0.086331 0.611511 0.035971 0.266187
0.302158 0.345324 0.187050 0.165468
0.395683 0.100719 0.287770 0.215827
0.194245 0.302158 0.230216 0.273381

