MEME version 4

ALPHABET= ACGT

strands: + -

MOTIF motif_10 motif_10
letter-probability matrix: alength= 4 w= 24
0.000000 0.000000 0.363636 0.636364
0.090909 0.000000 0.090909 0.818182
0.136364 0.045455 0.000000 0.818182
0.454545 0.181818 0.045455 0.318182
0.000000 0.363636 0.000000 0.636364
0.090909 0.272727 0.000000 0.636364
0.272727 0.000000 0.409091 0.318182
0.045455 0.272727 0.090909 0.590909
0.090909 0.181818 0.181818 0.545455
0.363636 0.045455 0.000000 0.590909
0.363636 0.045455 0.181818 0.409091
0.272727 0.409091 0.181818 0.136364
0.272727 0.090909 0.181818 0.454545
0.000000 0.272727 0.090909 0.636364
0.090909 0.363636 0.000000 0.545455
0.045455 0.000000 0.045455 0.909091
0.090909 0.272727 0.045455 0.590909
0.000000 0.000000 0.000000 1.000000
0.272727 0.545455 0.136364 0.045455
0.409091 0.000000 0.181818 0.409091
0.181818 0.272727 0.045455 0.500000
0.000000 0.227273 0.000000 0.772727
0.454545 0.000000 0.409091 0.136364
0.090909 0.136364 0.045455 0.727273

