MEME version 4

ALPHABET= ACGT

strands: + -

MOTIF motif_1 motif_1
letter-probability matrix: alength= 4 w= 24
0.352941 0.235294 0.294118 0.117647
0.382353 0.205882 0.029412 0.382353
0.117647 0.352941 0.382353 0.147059
0.029412 0.352941 0.000000 0.617647
0.000000 0.029412 0.676471 0.294118
0.000000 0.029412 0.000000 0.970588
0.058824 0.558824 0.176471 0.205882
0.029412 0.117647 0.000000 0.852941
0.058824 0.558824 0.176471 0.205882
0.323529 0.500000 0.000000 0.176471
0.088235 0.058824 0.176471 0.676471
0.058824 0.000000 0.000000 0.941176
0.382353 0.264706 0.058824 0.294118
0.176471 0.000000 0.000000 0.823529
0.147059 0.647059 0.029412 0.176471
0.470588 0.058824 0.235294 0.235294
0.058824 0.382353 0.352941 0.205882
0.411765 0.117647 0.029412 0.441176
0.058824 0.323529 0.235294 0.382353
0.264706 0.441176 0.176471 0.117647
0.235294 0.235294 0.411765 0.117647
0.147059 0.088235 0.441176 0.323529
0.411765 0.058824 0.117647 0.411765
0.088235 0.500000 0.235294 0.176471

MOTIF motif_6 motif_6
letter-probability matrix: alength= 4 w= 24
0.211604 0.259386 0.184300 0.344710
0.208191 0.146758 0.334471 0.310580
0.276451 0.242321 0.211604 0.269625
0.180887 0.225256 0.211604 0.382253
0.337884 0.194539 0.235495 0.232082
0.334471 0.262799 0.160410 0.242321
0.406143 0.194539 0.187713 0.211604
0.423208 0.208191 0.174061 0.194539
0.402730 0.385666 0.177474 0.034130
0.167235 0.774744 0.040956 0.017065
0.798635 0.061433 0.129693 0.010239
0.058020 0.839590 0.034130 0.068259
0.174061 0.047782 0.761092 0.017065
0.017065 0.047782 0.034130 0.901024
0.020478 0.020478 0.774744 0.184300
0.098976 0.112628 0.375427 0.412969
0.109215 0.283276 0.191126 0.416382
0.197952 0.242321 0.204778 0.354949
0.211604 0.215017 0.341297 0.232082
0.228669 0.204778 0.228669 0.337884
0.266212 0.293515 0.249147 0.191126
0.269625 0.266212 0.225256 0.238908
0.211604 0.296928 0.307167 0.184300
0.313993 0.201365 0.245734 0.238908

