MEME version 4

ALPHABET= ACGT

strands: + -

MOTIF motif_10 motif_10
letter-probability matrix: alength= 4 w= 24
0.300000 0.300000 0.171429 0.228571
0.257143 0.071429 0.028571 0.642857
0.100000 0.371429 0.028571 0.500000
0.042857 0.028571 0.071429 0.857143
0.085714 0.514286 0.028571 0.371429
0.100000 0.128571 0.042857 0.728571
0.071429 0.300000 0.471429 0.157143
0.071429 0.142857 0.000000 0.785714
0.357143 0.214286 0.357143 0.071429
0.042857 0.528571 0.000000 0.428571
0.271429 0.157143 0.214286 0.357143
0.314286 0.042857 0.157143 0.485714
0.014286 0.300000 0.028571 0.657143
0.142857 0.100000 0.128571 0.628571
0.157143 0.800000 0.014286 0.028571
0.328571 0.414286 0.014286 0.242857
0.242857 0.528571 0.100000 0.128571
0.042857 0.371429 0.128571 0.457143
0.200000 0.342857 0.342857 0.114286
0.200000 0.128571 0.400000 0.271429
0.114286 0.528571 0.142857 0.214286
0.571429 0.028571 0.100000 0.300000
0.242857 0.400000 0.142857 0.214286
0.471429 0.028571 0.100000 0.400000

