MEME version 4

ALPHABET= ACGT

strands: + -

MOTIF motif_1 motif_1
letter-probability matrix: alength= 4 w= 24
0.325203 0.073171 0.463415 0.138211
0.569106 0.081301 0.243902 0.105691
0.154472 0.032520 0.560976 0.252033
0.658537 0.024390 0.170732 0.146341
0.097561 0.292683 0.569106 0.040650
0.569106 0.105691 0.105691 0.219512
0.292683 0.097561 0.365854 0.243902
0.349593 0.349593 0.162602 0.138211
0.000000 0.048780 0.861789 0.089431
0.821138 0.121951 0.032520 0.024390
0.081301 0.016260 0.894309 0.008130
0.902439 0.000000 0.073171 0.024390
0.195122 0.105691 0.634146 0.065041
0.601626 0.008130 0.365854 0.024390
0.162602 0.495935 0.065041 0.276423
0.422764 0.081301 0.341463 0.154472
0.284553 0.081301 0.560976 0.073171
0.325203 0.113821 0.268293 0.292683
0.471545 0.227642 0.252033 0.048780
0.365854 0.341463 0.138211 0.154472
0.398374 0.073171 0.276423 0.252033
0.268293 0.162602 0.439024 0.130081
0.593496 0.235772 0.065041 0.105691
0.390244 0.048780 0.487805 0.073171

MOTIF motif_10 motif_10
letter-probability matrix: alength= 4 w= 24
0.050314 0.276730 0.119497 0.553459
0.106918 0.308176 0.106918 0.477987
0.050314 0.547170 0.125786 0.276730
0.031447 0.081761 0.012579 0.874214
0.012579 0.830189 0.088050 0.069182
0.069182 0.012579 0.062893 0.855346
0.150943 0.660377 0.056604 0.132075
0.075472 0.238994 0.018868 0.666667
0.050314 0.364780 0.358491 0.226415
0.000000 0.301887 0.000000 0.698113
0.044025 0.515723 0.415094 0.025157
0.088050 0.025157 0.044025 0.842767
0.006289 0.874214 0.018868 0.100629
0.050314 0.100629 0.012579 0.836478
0.031447 0.522013 0.201258 0.245283
0.031447 0.371069 0.100629 0.496855
0.220126 0.465409 0.245283 0.069182
0.182390 0.251572 0.157233 0.408805
0.132075 0.308176 0.283019 0.276730
0.094340 0.245283 0.113208 0.547170
0.025157 0.440252 0.125786 0.408805
0.194969 0.157233 0.201258 0.446541
0.056604 0.496855 0.056604 0.389937
0.308176 0.308176 0.113208 0.270440

