MEME version 4

ALPHABET= ACGT

strands: + -

MOTIF motif_1 motif_1
letter-probability matrix: alength= 4 w= 24
0.160920 0.080460 0.183908 0.574713
0.770115 0.080460 0.091954 0.057471
0.000000 0.000000 0.011494 0.988506
0.000000 0.011494 0.034483 0.954023
0.034483 0.000000 0.252874 0.712644
0.000000 0.988506 0.000000 0.011494
0.068966 0.011494 0.919540 0.000000
0.459770 0.275862 0.000000 0.264368
0.896552 0.091954 0.011494 0.000000
1.000000 0.000000 0.000000 0.000000
0.000000 0.091954 0.022989 0.885057
0.574713 0.137931 0.068966 0.218391
0.172414 0.126437 0.149425 0.551724
0.160920 0.160920 0.126437 0.551724
0.206897 0.195402 0.218391 0.379310
0.218391 0.367816 0.057471 0.356322
0.333333 0.103448 0.287356 0.275862
0.367816 0.172414 0.103448 0.356322
0.482759 0.160920 0.160920 0.195402
0.321839 0.126437 0.160920 0.390805
0.183908 0.218391 0.080460 0.517241
0.275862 0.114943 0.114943 0.494253
0.252874 0.241379 0.149425 0.356322
0.241379 0.183908 0.195402 0.379310

