MEME version 4

ALPHABET= ACGT

strands: + -

MOTIF motif_10 motif_10
letter-probability matrix: alength= 4 w= 24
0.060606 0.272727 0.424242 0.242424
0.000000 0.121212 0.030303 0.848485
0.060606 0.606061 0.121212 0.212121
0.060606 0.060606 0.000000 0.878788
0.060606 0.727273 0.000000 0.212121
0.060606 0.090909 0.000000 0.848485
0.363636 0.454545 0.090909 0.090909
0.030303 0.242424 0.000000 0.727273
0.303030 0.484848 0.181818 0.030303
0.090909 0.030303 0.000000 0.878788
0.060606 0.787879 0.060606 0.090909
0.030303 0.030303 0.000000 0.939394
0.030303 0.696970 0.030303 0.242424
0.151515 0.151515 0.121212 0.575758
0.151515 0.242424 0.030303 0.575758
0.303030 0.212121 0.060606 0.424242
0.242424 0.303030 0.090909 0.363636
0.060606 0.060606 0.060606 0.818182
0.242424 0.090909 0.303030 0.363636
0.030303 0.393939 0.030303 0.545455
0.000000 0.606061 0.000000 0.393939
0.090909 0.242424 0.181818 0.484848
0.000000 0.696970 0.151515 0.151515
0.090909 0.030303 0.090909 0.787879

MOTIF motif_6 motif_6
letter-probability matrix: alength= 4 w= 24
0.618182 0.090909 0.254545 0.036364
0.036364 0.072727 0.818182 0.072727
0.272727 0.036364 0.600000 0.090909
0.436364 0.254545 0.218182 0.090909
0.254545 0.109091 0.418182 0.218182
0.509091 0.272727 0.145455 0.072727
0.472727 0.163636 0.145455 0.218182
0.109091 0.200000 0.618182 0.072727
0.709091 0.090909 0.018182 0.181818
0.200000 0.072727 0.418182 0.309091
0.381818 0.018182 0.345455 0.254545
0.181818 0.672727 0.145455 0.000000
0.454545 0.090909 0.236364 0.218182
0.600000 0.327273 0.018182 0.054545
0.636364 0.090909 0.236364 0.036364
0.218182 0.254545 0.436364 0.090909
0.927273 0.000000 0.036364 0.036364
0.327273 0.363636 0.290909 0.018182
0.636364 0.090909 0.145455 0.127273
0.727273 0.200000 0.036364 0.036364
0.818182 0.018182 0.036364 0.127273
0.254545 0.163636 0.418182 0.163636
0.581818 0.109091 0.145455 0.163636
0.672727 0.072727 0.200000 0.054545

