MEME version 4

ALPHABET= ACGT

strands: + -

MOTIF motif_1 motif_1
letter-probability matrix: alength= 4 w= 24
0.877193 0.000000 0.105263 0.017544
0.333333 0.245614 0.298246 0.122807
0.491228 0.035088 0.175439 0.298246
0.140351 0.052632 0.140351 0.666667
0.192982 0.192982 0.421053 0.192982
0.122807 0.035088 0.070175 0.771930
0.052632 0.017544 0.912281 0.017544
0.350877 0.017544 0.035088 0.596491
0.210526 0.210526 0.368421 0.210526
0.456140 0.157895 0.192982 0.192982
0.280702 0.035088 0.561404 0.122807
0.543860 0.087719 0.210526 0.157895
0.350877 0.140351 0.245614 0.263158
0.298246 0.035088 0.526316 0.140351
0.140351 0.157895 0.105263 0.596491
0.052632 0.105263 0.736842 0.105263
0.543860 0.175439 0.228070 0.052632
0.017544 0.017544 0.842105 0.122807
0.596491 0.157895 0.157895 0.087719
0.333333 0.140351 0.508772 0.017544
0.491228 0.210526 0.263158 0.035088
0.403509 0.017544 0.368421 0.210526
0.596491 0.035088 0.157895 0.210526
0.561404 0.052632 0.192982 0.192982

MOTIF motif_9 motif_9
letter-probability matrix: alength= 4 w= 24
0.302469 0.166667 0.382716 0.148148
0.444444 0.246914 0.203704 0.104938
0.407407 0.092593 0.388889 0.111111
0.962963 0.012346 0.018519 0.006173
0.185185 0.030864 0.672840 0.111111
0.648148 0.080247 0.123457 0.148148
0.086420 0.080247 0.537037 0.296296
0.413580 0.123457 0.444444 0.018519
0.629630 0.092593 0.228395 0.049383
0.623457 0.141975 0.104938 0.129630
0.561728 0.129630 0.234568 0.074074
0.641975 0.049383 0.240741 0.067901
0.043210 0.030864 0.864198 0.061728
0.839506 0.049383 0.012346 0.098765
0.283951 0.160494 0.339506 0.216049
0.302469 0.055556 0.611111 0.030864
0.450617 0.043210 0.444444 0.061728
0.462963 0.185185 0.203704 0.148148
0.543210 0.049383 0.104938 0.302469
0.351852 0.049383 0.512346 0.086420
0.561728 0.179012 0.179012 0.080247
0.425926 0.104938 0.320988 0.148148
0.314815 0.222222 0.283951 0.179012
0.456790 0.253086 0.160494 0.129630

