MEME version 4

ALPHABET= ACGT

strands: + -

MOTIF motif_13 motif_13
letter-probability matrix: alength= 4 w= 24
0.285714 0.164835 0.186813 0.362637
0.131868 0.395604 0.208791 0.263736
0.252747 0.186813 0.318681 0.241758
0.153846 0.252747 0.065934 0.527473
0.527473 0.076923 0.043956 0.351648
0.021978 0.087912 0.032967 0.857143
0.054945 0.164835 0.010989 0.769231
0.065934 0.813187 0.043956 0.076923
0.065934 0.362637 0.109890 0.461538
0.351648 0.076923 0.087912 0.483516
0.274725 0.010989 0.241758 0.472527
0.021978 0.000000 0.901099 0.076923
0.989011 0.010989 0.000000 0.000000
0.890110 0.065934 0.032967 0.010989
0.296703 0.120879 0.076923 0.505495
0.395604 0.164835 0.131868 0.307692
0.428571 0.032967 0.274725 0.263736
0.241758 0.153846 0.274725 0.329670
0.285714 0.197802 0.153846 0.362637
0.406593 0.087912 0.318681 0.186813
0.615385 0.098901 0.186813 0.098901
0.241758 0.109890 0.219780 0.428571
0.219780 0.208791 0.230769 0.340659
0.527473 0.087912 0.197802 0.186813

MOTIF motif_11 motif_11
letter-probability matrix: alength= 4 w= 24
0.324074 0.194444 0.277778 0.203704
0.324074 0.222222 0.287037 0.166667
0.370370 0.175926 0.157407 0.296296
0.342593 0.185185 0.175926 0.296296
0.148148 0.222222 0.305556 0.324074
0.203704 0.398148 0.185185 0.212963
0.129630 0.277778 0.250000 0.342593
0.351852 0.324074 0.157407 0.166667
0.740741 0.101852 0.064815 0.092593
0.000000 0.037037 0.018519 0.944444
0.129630 0.074074 0.481481 0.314815
0.685185 0.111111 0.046296 0.157407
0.787037 0.055556 0.055556 0.101852
0.101852 0.046296 0.046296 0.805556
0.481481 0.018519 0.027778 0.472222
0.925926 0.000000 0.000000 0.074074
0.037037 0.018519 0.027778 0.916667
0.027778 0.000000 0.111111 0.861111
0.129630 0.675926 0.009259 0.185185
0.935185 0.018519 0.018519 0.027778
0.092593 0.129630 0.027778 0.750000
0.287037 0.185185 0.314815 0.212963
0.453704 0.277778 0.111111 0.157407
0.268519 0.064815 0.444444 0.222222

