MEME version 4

ALPHABET= ACGT

strands: + -

MOTIF motif_6 motif_6
letter-probability matrix: alength= 4 w= 24
0.542373 0.084746 0.203390 0.169492
0.203390 0.254237 0.231638 0.310734
0.186441 0.096045 0.254237 0.463277
0.141243 0.299435 0.079096 0.480226
0.067797 0.327684 0.429379 0.175141
0.830508 0.005650 0.073446 0.090395
0.146893 0.841808 0.005650 0.005650
0.056497 0.056497 0.870056 0.016949
0.248588 0.028249 0.062147 0.661017
0.028249 0.615819 0.288136 0.067797
0.610169 0.045198 0.135593 0.209040
0.242938 0.491525 0.028249 0.237288
0.299435 0.175141 0.118644 0.406780
0.135593 0.299435 0.033898 0.531073
0.203390 0.152542 0.175141 0.468927
0.192090 0.242938 0.457627 0.107345
0.169492 0.367232 0.209040 0.254237
0.248588 0.327684 0.209040 0.214689
0.141243 0.129944 0.361582 0.367232
0.248588 0.186441 0.214689 0.350282
0.299435 0.169492 0.112994 0.418079
0.209040 0.107345 0.101695 0.581921
0.254237 0.282486 0.152542 0.310734
0.135593 0.079096 0.531073 0.254237

