MEME version 4

ALPHABET= ACGT

strands: + -

MOTIF motif_1 motif_1
letter-probability matrix: alength= 4 w= 24
0.183099 0.049296 0.239437 0.528169
0.615023 0.011737 0.370892 0.002347
0.007042 0.009390 0.000000 0.983568
0.002347 0.004695 0.607981 0.384977
0.779343 0.002347 0.218310 0.000000
0.000000 0.995305 0.002347 0.002347
0.007042 0.000000 0.992958 0.000000
0.002347 0.225352 0.000000 0.772300
0.403756 0.591549 0.000000 0.004695
0.992958 0.000000 0.000000 0.007042
0.000000 0.274648 0.004695 0.720657
0.593897 0.260563 0.042254 0.103286
0.448357 0.178404 0.171362 0.201878
0.284038 0.169014 0.206573 0.340376
0.173709 0.225352 0.086854 0.514085
0.284038 0.176056 0.274648 0.265258
0.234742 0.100939 0.147887 0.516432
0.340376 0.204225 0.122066 0.333333
0.225352 0.248826 0.164319 0.361502
0.298122 0.133803 0.112676 0.455399
0.307512 0.281690 0.107981 0.302817
0.448357 0.131455 0.157277 0.262911
0.316901 0.176056 0.192488 0.314554
0.382629 0.161972 0.185446 0.269953

MOTIF motif_13 motif_13
letter-probability matrix: alength= 4 w= 24
0.710526 0.000000 0.276316 0.013158
0.013158 0.263158 0.000000 0.723684
0.092105 0.000000 0.907895 0.000000
0.000000 0.026316 0.000000 0.973684
1.000000 0.000000 0.000000 0.000000
0.000000 0.052632 0.000000 0.947368
0.000000 0.000000 0.000000 1.000000
0.065789 0.000000 0.236842 0.697368
0.381579 0.289474 0.052632 0.276316
0.671053 0.000000 0.302632 0.026316
0.697368 0.289474 0.000000 0.013158
0.289474 0.013158 0.000000 0.697368
0.986842 0.000000 0.000000 0.013158
0.000000 0.986842 0.013158 0.000000
1.000000 0.000000 0.000000 0.000000
0.000000 0.013158 0.263158 0.723684
0.276316 0.026316 0.013158 0.684211
0.000000 0.000000 0.000000 1.000000
0.118421 0.039474 0.644737 0.197368
0.000000 0.000000 0.000000 1.000000
0.000000 0.000000 0.973684 0.026316
1.000000 0.000000 0.000000 0.000000
0.000000 0.986842 0.000000 0.013158
0.000000 0.000000 1.000000 0.000000

MOTIF motif_11 motif_11
letter-probability matrix: alength= 4 w= 24
0.164804 0.134078 0.128492 0.572626
0.231844 0.150838 0.268156 0.349162
0.460894 0.125698 0.083799 0.329609
0.446927 0.175978 0.159218 0.217877
0.332402 0.120112 0.136872 0.410615
0.648045 0.097765 0.117318 0.136872
0.438547 0.229050 0.069832 0.262570
0.530726 0.058659 0.153631 0.256983
0.240223 0.122905 0.234637 0.402235
0.134078 0.108939 0.125698 0.631285
0.061453 0.064246 0.282123 0.592179
0.432961 0.089385 0.407821 0.069832
0.005587 0.022346 0.025140 0.946927
0.016760 0.100559 0.583799 0.298883
0.608939 0.072626 0.282123 0.036313
0.022346 0.935754 0.013966 0.027933
0.036313 0.008380 0.935754 0.019553
0.067039 0.268156 0.022346 0.642458
0.564246 0.399441 0.011173 0.025140
0.991620 0.002793 0.002793 0.002793
0.108939 0.231844 0.013966 0.645251
0.539106 0.201117 0.064246 0.195531
0.251397 0.181564 0.262570 0.304469
0.382682 0.092179 0.178771 0.346369

MOTIF motif_5 motif_5
letter-probability matrix: alength= 4 w= 24
0.055556 0.833333 0.000000 0.111111
0.000000 0.000000 0.000000 1.000000
0.000000 0.055556 0.944444 0.000000
0.000000 0.000000 0.000000 1.000000
0.944444 0.000000 0.055556 0.000000
0.055556 0.000000 0.888889 0.055556
0.000000 0.055556 0.055556 0.888889
0.000000 0.055556 0.055556 0.888889
0.000000 0.000000 0.000000 1.000000
0.000000 0.055556 0.000000 0.944444
0.000000 0.833333 0.000000 0.166667
0.000000 0.000000 0.944444 0.055556
0.000000 0.777778 0.111111 0.111111
0.055556 0.000000 0.111111 0.833333
0.888889 0.055556 0.000000 0.055556
0.000000 0.888889 0.055556 0.055556
0.055556 0.000000 0.944444 0.000000
0.944444 0.000000 0.055556 0.000000
0.222222 0.000000 0.722222 0.055556
0.944444 0.000000 0.000000 0.055556
0.000000 0.000000 0.055556 0.944444
0.944444 0.055556 0.000000 0.000000
0.000000 0.055556 0.000000 0.944444
0.055556 0.055556 0.000000 0.888889

MOTIF motif_2 motif_2
letter-probability matrix: alength= 4 w= 24
0.000000 0.017544 0.912281 0.070175
0.982456 0.000000 0.017544 0.000000
0.000000 1.000000 0.000000 0.000000
0.000000 0.000000 1.000000 0.000000
0.000000 0.000000 0.000000 1.000000
0.000000 1.000000 0.000000 0.000000
1.000000 0.000000 0.000000 0.000000
0.017544 0.894737 0.000000 0.087719
0.982456 0.000000 0.017544 0.000000
0.912281 0.052632 0.017544 0.017544
0.684211 0.210526 0.035088 0.070175
0.017544 0.087719 0.000000 0.894737
0.070175 0.000000 0.894737 0.035088
0.017544 0.000000 0.035088 0.947368
0.894737 0.017544 0.052632 0.035088
0.035088 0.035088 0.052632 0.877193
0.000000 0.122807 0.000000 0.877193
0.280702 0.035088 0.035088 0.649123
0.877193 0.000000 0.017544 0.105263
0.947368 0.017544 0.017544 0.017544
0.894737 0.017544 0.017544 0.070175
0.000000 0.070175 0.017544 0.912281
0.947368 0.000000 0.035088 0.017544
0.000000 0.947368 0.052632 0.000000

MOTIF motif_10 motif_10
letter-probability matrix: alength= 4 w= 24
0.200514 0.149100 0.228792 0.421594
0.290488 0.203085 0.213368 0.293059
0.447301 0.154242 0.118252 0.280206
0.336761 0.172237 0.138817 0.352185
0.514139 0.082262 0.257069 0.146530
0.316195 0.190231 0.107969 0.385604
0.357326 0.141388 0.187661 0.313625
0.179949 0.074550 0.226221 0.519280
0.634961 0.028278 0.277635 0.059126
0.015424 0.020566 0.010283 0.953728
0.012853 0.015424 0.344473 0.627249
0.516710 0.033419 0.388175 0.061697
0.005141 0.964010 0.002571 0.028278
0.007712 0.000000 0.974293 0.017995
0.033419 0.480720 0.010283 0.475578
0.519280 0.416452 0.010283 0.053985
0.984576 0.005141 0.007712 0.002571
0.002571 0.539846 0.023136 0.434447
0.619537 0.182519 0.100257 0.097686
0.365039 0.182519 0.192802 0.259640
0.205656 0.239075 0.210797 0.344473
0.226221 0.195373 0.069409 0.508997
0.269923 0.146530 0.156812 0.426735
0.138817 0.110540 0.244216 0.506427

MOTIF motif_6 motif_6
letter-probability matrix: alength= 4 w= 24
0.247401 0.106029 0.195426 0.451143
0.124740 0.045738 0.197505 0.632017
0.590437 0.012474 0.395010 0.002079
0.000000 0.004158 0.000000 0.995842
0.000000 0.002079 0.557173 0.440748
0.686071 0.000000 0.309771 0.004158
0.002079 0.995842 0.000000 0.002079
0.020790 0.000000 0.979210 0.000000
0.000000 0.303534 0.008316 0.688150
0.430353 0.559252 0.004158 0.006237
0.991684 0.002079 0.004158 0.002079
0.002079 0.399168 0.010395 0.588358
0.632017 0.218295 0.045738 0.103950
0.399168 0.203742 0.178794 0.218295
0.397089 0.143451 0.174636 0.284823
0.170478 0.193347 0.099792 0.536383
0.278586 0.158004 0.270270 0.293139
0.195426 0.087318 0.143451 0.573805
0.320166 0.162162 0.205821 0.311850
0.301455 0.203742 0.164241 0.330561
0.307692 0.214137 0.097713 0.380457
0.293139 0.209979 0.195426 0.301455
0.444906 0.162162 0.149688 0.243243
0.336798 0.162162 0.247401 0.253638

MOTIF motif_4 motif_4
letter-probability matrix: alength= 4 w= 24
0.894737 0.000000 0.105263 0.000000
0.842105 0.000000 0.105263 0.052632
0.052632 0.000000 0.000000 0.947368
0.842105 0.052632 0.052632 0.052632
0.000000 0.000000 0.052632 0.947368
0.052632 0.000000 0.842105 0.105263
0.000000 0.000000 0.000000 1.000000
0.000000 0.052632 0.052632 0.894737
0.052632 0.000000 0.842105 0.105263
0.000000 1.000000 0.000000 0.000000
0.105263 0.000000 0.894737 0.000000
0.105263 0.789474 0.052632 0.052632
1.000000 0.000000 0.000000 0.000000
1.000000 0.000000 0.000000 0.000000
0.105263 0.000000 0.000000 0.894737
0.894737 0.000000 0.052632 0.052632
0.000000 0.736842 0.157895 0.105263
0.157895 0.000000 0.842105 0.000000
0.210526 0.789474 0.000000 0.000000
0.894737 0.105263 0.000000 0.000000
0.000000 0.000000 0.105263 0.894737
0.000000 0.052632 0.000000 0.947368
0.000000 0.684211 0.000000 0.315789
0.000000 0.000000 0.000000 1.000000

MOTIF motif_14 motif_14
letter-probability matrix: alength= 4 w= 24
0.183673 0.391156 0.108844 0.316327
0.261905 0.074830 0.326531 0.336735
0.357143 0.221088 0.224490 0.197279
0.312925 0.119048 0.200680 0.367347
0.299320 0.098639 0.238095 0.363946
0.302721 0.231293 0.173469 0.292517
0.551020 0.142857 0.112245 0.193878
0.272109 0.224490 0.207483 0.295918
0.469388 0.129252 0.268707 0.132653
0.234694 0.231293 0.112245 0.421769
0.343537 0.088435 0.282313 0.285714
0.170068 0.088435 0.139456 0.602041
0.605442 0.040816 0.329932 0.023810
0.020408 0.010204 0.027211 0.942177
0.034014 0.040816 0.292517 0.632653
0.448980 0.010204 0.482993 0.057823
0.010204 0.982993 0.006803 0.000000
0.006803 0.010204 0.979592 0.003401
0.006803 0.493197 0.020408 0.479592
0.578231 0.360544 0.030612 0.030612
0.942177 0.020408 0.027211 0.010204
0.034014 0.693878 0.010204 0.261905
0.666667 0.068027 0.170068 0.095238
0.380952 0.204082 0.125850 0.289116

