MEME version 4

ALPHABET= ACGT

strands: + -

MOTIF motif_6 motif_6
letter-probability matrix: alength= 4 w= 24
0.226667 0.106667 0.186667 0.480000
0.013333 0.920000 0.053333 0.013333
0.186667 0.080000 0.120000 0.613333
0.066667 0.573333 0.066667 0.293333
0.173333 0.026667 0.346667 0.453333
0.133333 0.586667 0.120000 0.160000
0.413333 0.226667 0.013333 0.346667
0.133333 0.493333 0.306667 0.066667
0.253333 0.426667 0.106667 0.213333
0.240000 0.306667 0.320000 0.133333
0.600000 0.093333 0.013333 0.293333
0.013333 0.813333 0.026667 0.146667
0.453333 0.013333 0.320000 0.213333
0.240000 0.613333 0.026667 0.120000
0.546667 0.053333 0.146667 0.253333
0.000000 0.866667 0.080000 0.053333
0.413333 0.040000 0.400000 0.146667
0.120000 0.693333 0.053333 0.133333
0.640000 0.120000 0.093333 0.146667
0.293333 0.400000 0.040000 0.266667
0.493333 0.013333 0.133333 0.360000
0.066667 0.253333 0.013333 0.666667
0.253333 0.186667 0.320000 0.240000
0.213333 0.253333 0.253333 0.280000

