MEME version 4

ALPHABET= ACGT

strands: + -

MOTIF motif_6 motif_6
letter-probability matrix: alength= 4 w= 24
0.293617 0.102128 0.302128 0.302128
0.263830 0.110638 0.506383 0.119149
0.000000 0.995745 0.000000 0.004255
0.995745 0.000000 0.000000 0.004255
0.012766 0.204255 0.782979 0.000000
0.042553 0.804255 0.153191 0.000000
0.000000 0.000000 0.000000 1.000000
0.012766 0.004255 0.974468 0.008511
0.114894 0.493617 0.114894 0.276596
0.217021 0.370213 0.055319 0.357447
0.229787 0.208511 0.238298 0.323404
0.182979 0.421277 0.131915 0.263830
0.212766 0.187234 0.238298 0.361702
0.289362 0.225532 0.221277 0.263830
0.217021 0.319149 0.225532 0.238298
0.280851 0.221277 0.200000 0.297872
0.238298 0.285106 0.268085 0.208511
0.182979 0.285106 0.268085 0.263830
0.310638 0.148936 0.263830 0.276596
0.200000 0.246809 0.280851 0.272340
0.255319 0.221277 0.187234 0.336170
0.208511 0.165957 0.297872 0.327660
0.221277 0.238298 0.234043 0.306383
0.297872 0.289362 0.170213 0.242553

