MEME version 4

ALPHABET= ACGT

strands: + -

MOTIF motif_12 motif_12
letter-probability matrix: alength= 4 w= 24
0.013158 0.526316 0.131579 0.328947
0.473684 0.236842 0.184211 0.105263
0.052632 0.921053 0.000000 0.026316
0.842105 0.052632 0.039474 0.065789
0.000000 0.710526 0.144737 0.144737
0.315789 0.171053 0.000000 0.513158
0.013158 0.000000 0.986842 0.000000
0.236842 0.078947 0.052632 0.631579
0.250000 0.131579 0.447368 0.171053
0.355263 0.394737 0.118421 0.131579
0.184211 0.289474 0.355263 0.171053
0.197368 0.342105 0.236842 0.223684
0.342105 0.092105 0.236842 0.328947
0.263158 0.342105 0.289474 0.105263
0.184211 0.236842 0.223684 0.355263
0.184211 0.381579 0.197368 0.236842
0.197368 0.368421 0.197368 0.236842
0.355263 0.184211 0.210526 0.250000
0.302632 0.184211 0.302632 0.210526
0.263158 0.078947 0.421053 0.236842
0.355263 0.210526 0.328947 0.105263
0.131579 0.302632 0.157895 0.407895
0.381579 0.039474 0.421053 0.157895
0.131579 0.421053 0.250000 0.197368

