MEME version 4

ALPHABET= ACGT

strands: + -

MOTIF motif_1 motif_1
letter-probability matrix: alength= 4 w= 24
0.25 0.29 0.23 0.23
0.36 0.15 0.10 0.39
0.32 0.14 0.16 0.38
0.20 0.04 0.11 0.65
0.03 0.03 0.21 0.73
0.02 0.03 0.09 0.86
0.12 0.01 0.64 0.23
0.89 0.02 0.06 0.03
0.00 0.00 1.00 0.00
0.00 0.00 0.99 0.01
0.00 0.00 0.00 1.00
0.00 0.00 0.00 1.00
0.96 0.00 0.04 0.00
0.11 0.02 0.47 0.40
0.21 0.04 0.67 0.08
0.18 0.11 0.11 0.60
0.25 0.23 0.15 0.37
0.29 0.23 0.18 0.30
0.19 0.16 0.37 0.28
0.27 0.21 0.32 0.20
0.28 0.28 0.24 0.20
0.19 0.31 0.21 0.29
0.18 0.31 0.21 0.30
0.27 0.18 0.25 0.30

MOTIF motif_12 motif_12
letter-probability matrix: alength= 4 w= 24
0.316327 0.163265 0.265306 0.255102
0.346939 0.183673 0.275510 0.193878
0.642857 0.071429 0.091837 0.193878
0.051020 0.693878 0.030612 0.224490
0.428571 0.326531 0.020408 0.224490
0.000000 0.000000 0.000000 1.000000
1.000000 0.000000 0.000000 0.000000
1.000000 0.000000 0.000000 0.000000
0.000000 1.000000 0.000000 0.000000
0.000000 1.000000 0.000000 0.000000
0.040816 0.010204 0.000000 0.948980
0.275510 0.642857 0.030612 0.051020
0.795918 0.061224 0.102041 0.040816
0.612245 0.255102 0.030612 0.102041
0.540816 0.102041 0.010204 0.346939
0.387755 0.163265 0.142857 0.306122
0.285714 0.234694 0.142857 0.336735
0.224490 0.183673 0.285714 0.306122
0.163265 0.316327 0.163265 0.357143
0.244898 0.265306 0.275510 0.214286
0.234694 0.265306 0.204082 0.295918
0.265306 0.275510 0.285714 0.173469
0.265306 0.357143 0.204082 0.173469
0.316327 0.122449 0.214286 0.346939

