MEME version 4

ALPHABET= ACGT

strands: + -

MOTIF motif_1 motif_1
letter-probability matrix: alength= 4 w= 24
0.303030 0.187879 0.260606 0.248485
0.327273 0.230303 0.254545 0.187879
0.375758 0.193939 0.272727 0.157576
0.369697 0.187879 0.296970 0.145455
0.242424 0.181818 0.357576 0.218182
0.145455 0.193939 0.575758 0.084848
0.187879 0.139394 0.648485 0.024242
0.042424 0.545455 0.000000 0.412121
0.224242 0.703030 0.000000 0.072727
0.860606 0.036364 0.103030 0.000000
0.000000 0.000000 0.006061 0.993939
0.963636 0.030303 0.006061 0.000000
0.975758 0.012121 0.006061 0.006061
0.987879 0.006061 0.000000 0.006061
0.636364 0.078788 0.078788 0.206061
0.309091 0.345455 0.078788 0.266667
0.278788 0.200000 0.181818 0.339394
0.266667 0.157576 0.327273 0.248485
0.230303 0.218182 0.151515 0.400000
0.430303 0.200000 0.133333 0.236364
0.436364 0.175758 0.072727 0.315152
0.381818 0.139394 0.200000 0.278788
0.387879 0.115152 0.224242 0.272727
0.278788 0.200000 0.248485 0.272727

MOTIF motif_11 motif_11
letter-probability matrix: alength= 4 w= 24
0.206186 0.206186 0.319588 0.268041
0.304124 0.335052 0.144330 0.216495
0.345361 0.201031 0.134021 0.319588
0.247423 0.206186 0.185567 0.360825
0.278351 0.221649 0.123711 0.376289
0.314433 0.103093 0.226804 0.355670
0.283505 0.134021 0.268041 0.314433
0.226804 0.056701 0.103093 0.613402
0.005155 0.025773 0.015464 0.953608
0.015464 0.000000 0.005155 0.979381
0.041237 0.030928 0.051546 0.876289
0.989691 0.005155 0.000000 0.005155
0.000000 0.118557 0.005155 0.876289
0.025773 0.000000 0.670103 0.304124
0.453608 0.015464 0.515464 0.015464
0.025773 0.762887 0.072165 0.139175
0.221649 0.474227 0.159794 0.144330
0.134021 0.329897 0.314433 0.221649
0.180412 0.304124 0.201031 0.314433
0.231959 0.211340 0.226804 0.329897
0.252577 0.201031 0.237113 0.309278
0.231959 0.288660 0.206186 0.273196
0.273196 0.237113 0.175258 0.314433
0.391753 0.226804 0.118557 0.262887

MOTIF motif_10 motif_10
letter-probability matrix: alength= 4 w= 24
0.492754 0.231884 0.123188 0.152174
0.485507 0.115942 0.195652 0.202899
0.318841 0.137681 0.159420 0.384058
0.413043 0.101449 0.137681 0.347826
0.369565 0.079710 0.108696 0.442029
0.181159 0.021739 0.007246 0.789855
0.043478 0.007246 0.014493 0.934783
0.159420 0.007246 0.000000 0.833333
0.971014 0.000000 0.000000 0.028986
0.050725 0.115942 0.065217 0.768116
0.028986 0.000000 0.673913 0.297101
0.442029 0.021739 0.514493 0.021739
0.007246 0.543478 0.181159 0.268116
0.108696 0.376812 0.268116 0.246377
0.036232 0.601449 0.202899 0.159420
0.130435 0.217391 0.188406 0.463768
0.166667 0.434783 0.115942 0.282609
0.463768 0.173913 0.333333 0.028986
0.086957 0.340580 0.210145 0.362319
0.239130 0.181159 0.268116 0.311594
0.260870 0.123188 0.347826 0.268116
0.326087 0.101449 0.231884 0.340580
0.159420 0.297101 0.347826 0.195652
0.297101 0.159420 0.217391 0.326087

