MEME version 4

ALPHABET= ACGT

strands: + -

MOTIF motif_11 motif_11
letter-probability matrix: alength= 4 w= 24
0.301695 0.206780 0.152542 0.338983
0.189831 0.111864 0.549153 0.149153
0.169492 0.315254 0.047458 0.467797
0.637288 0.338983 0.010169 0.013559
0.644068 0.128814 0.067797 0.159322
0.623729 0.081356 0.037288 0.257627
0.050847 0.064407 0.030508 0.854237
0.854237 0.000000 0.128814 0.016949
0.016949 0.050847 0.074576 0.857627
0.142373 0.094915 0.183051 0.579661
0.176271 0.162712 0.152542 0.508475
0.654237 0.064407 0.227119 0.054237
0.142373 0.508475 0.044068 0.305085
0.379661 0.200000 0.132203 0.288136
0.294915 0.223729 0.152542 0.328814
0.362712 0.091525 0.159322 0.386441
0.294915 0.183051 0.264407 0.257627
0.284746 0.054237 0.271186 0.389831
0.413559 0.200000 0.200000 0.186441
0.505085 0.142373 0.094915 0.257627
0.254237 0.274576 0.064407 0.406780
0.250847 0.169492 0.162712 0.416949
0.389831 0.122034 0.206780 0.281356
0.277966 0.128814 0.254237 0.338983

MOTIF motif_2 motif_2
letter-probability matrix: alength= 4 w= 24
0.31250 0.06250 0.56250 0.06250
0.09375 0.40625 0.18750 0.31250
0.37500 0.00000 0.12500 0.50000
0.25000 0.18750 0.46875 0.09375
0.75000 0.15625 0.00000 0.09375
0.56250 0.43750 0.00000 0.00000
0.59375 0.06250 0.21875 0.12500
0.46875 0.18750 0.09375 0.25000
0.15625 0.09375 0.43750 0.31250
0.09375 0.50000 0.03125 0.37500
0.37500 0.09375 0.50000 0.03125
0.15625 0.12500 0.65625 0.06250
0.03125 0.93750 0.00000 0.03125
0.84375 0.09375 0.06250 0.00000
0.65625 0.00000 0.31250 0.03125
0.06250 0.75000 0.12500 0.06250
0.21875 0.09375 0.62500 0.06250
0.00000 0.09375 0.46875 0.43750
0.00000 0.46875 0.03125 0.50000
0.09375 0.03125 0.84375 0.03125
0.03125 0.87500 0.00000 0.09375
0.37500 0.21875 0.25000 0.15625
0.12500 0.46875 0.25000 0.15625
0.50000 0.25000 0.06250 0.18750

