MEME version 4

ALPHABET= ACGT

strands: + -

MOTIF motif_1 motif_1
letter-probability matrix: alength= 4 w= 24
0.129032 0.397849 0.290323 0.182796
0.075269 0.279570 0.215054 0.430108
0.107527 0.258065 0.096774 0.537634
0.268817 0.118280 0.279570 0.333333
0.053763 0.258065 0.397849 0.290323
0.150538 0.139785 0.172043 0.537634
0.086022 0.118280 0.451613 0.344086
0.075269 0.139785 0.096774 0.688172
0.150538 0.096774 0.053763 0.698925
0.247312 0.172043 0.408602 0.172043
0.118280 0.064516 0.086022 0.731183
0.064516 0.032258 0.010753 0.892473
0.129032 0.010753 0.806452 0.053763
0.021505 0.000000 0.032258 0.946237
0.043011 0.107527 0.043011 0.806452
0.086022 0.000000 0.731183 0.182796
0.075269 0.376344 0.193548 0.354839
0.107527 0.032258 0.193548 0.666667
0.139785 0.096774 0.204301 0.559140
0.193548 0.107527 0.172043 0.526882
0.086022 0.172043 0.365591 0.376344
0.000000 0.010753 0.440860 0.548387
0.053763 0.139785 0.086022 0.720430
0.215054 0.172043 0.247312 0.365591

