MEME version 4

ALPHABET= ACGT

strands: + -

MOTIF motif_1 motif_1
letter-probability matrix: alength= 4 w= 24
0.573964 0.295858 0.065089 0.065089
0.366864 0.112426 0.218935 0.301775
0.059172 0.065089 0.810651 0.065089
0.088757 0.053254 0.041420 0.816568
0.106509 0.005917 0.023669 0.863905
0.011834 0.526627 0.230769 0.230769
0.011834 0.130178 0.834320 0.023669
0.550296 0.106509 0.278107 0.065089
0.266272 0.355030 0.106509 0.272189
0.082840 0.189349 0.319527 0.408284
0.224852 0.201183 0.284024 0.289941
0.041420 0.147929 0.502959 0.307692
0.366864 0.272189 0.337278 0.023669
0.431953 0.100592 0.301775 0.165680
0.207101 0.183432 0.337278 0.272189
0.041420 0.195266 0.325444 0.437870
0.147929 0.260355 0.325444 0.266272
0.159763 0.124260 0.289941 0.426036
0.248521 0.372781 0.130178 0.248521
0.130178 0.147929 0.420118 0.301775
0.088757 0.230769 0.313609 0.366864
0.112426 0.236686 0.491124 0.159763
0.023669 0.455621 0.260355 0.260355
0.112426 0.242604 0.514793 0.130178

MOTIF motif_12 motif_12
letter-probability matrix: alength= 4 w= 24
0.121547 0.486188 0.243094 0.149171
0.292818 0.187845 0.309392 0.209945
0.309392 0.171271 0.276243 0.243094
0.209945 0.121547 0.193370 0.475138
0.060773 0.149171 0.220994 0.569061
0.110497 0.325967 0.187845 0.375691
0.209945 0.270718 0.215470 0.303867
0.292818 0.121547 0.281768 0.303867
0.309392 0.381215 0.187845 0.121547
0.392265 0.182320 0.149171 0.276243
0.143646 0.149171 0.149171 0.558011
0.160221 0.685083 0.127072 0.027624
0.121547 0.453039 0.414365 0.011050
0.961326 0.022099 0.005525 0.011050
0.867403 0.093923 0.027624 0.011050
0.088398 0.867403 0.038674 0.005525
0.453039 0.171271 0.132597 0.243094
0.022099 0.127072 0.044199 0.806630
0.292818 0.149171 0.530387 0.027624
0.149171 0.127072 0.088398 0.635359
0.104972 0.176796 0.187845 0.530387
0.171271 0.243094 0.259669 0.325967
0.149171 0.237569 0.480663 0.132597
0.447514 0.220994 0.055249 0.276243

MOTIF motif_2 motif_2
letter-probability matrix: alength= 4 w= 24
0.335938 0.304688 0.171875 0.187500
0.351562 0.312500 0.148438 0.187500
0.367188 0.242188 0.117188 0.273438
0.414062 0.085938 0.140625 0.359375
0.210938 0.523438 0.062500 0.203125
0.351562 0.453125 0.117188 0.078125
0.601562 0.109375 0.148438 0.140625
0.218750 0.398438 0.156250 0.226562
0.195312 0.242188 0.351562 0.210938
0.320312 0.257812 0.156250 0.265625
0.500000 0.171875 0.117188 0.210938
0.398438 0.273438 0.234375 0.093750
0.218750 0.257812 0.312500 0.210938
0.515625 0.132812 0.203125 0.148438
0.296875 0.187500 0.351562 0.164062
0.320312 0.351562 0.265625 0.062500
0.437500 0.195312 0.046875 0.320312
0.101562 0.171875 0.062500 0.664062
0.000000 0.937500 0.007812 0.054688
0.328125 0.078125 0.570312 0.023438
0.851562 0.093750 0.023438 0.031250
0.906250 0.070312 0.015625 0.007812
0.031250 0.875000 0.070312 0.023438
0.335938 0.421875 0.093750 0.148438

MOTIF motif_14 motif_14
letter-probability matrix: alength= 4 w= 24
0.228723 0.234043 0.186170 0.351064
0.101064 0.244681 0.143617 0.510638
0.196809 0.398936 0.303191 0.101064
0.132979 0.494681 0.297872 0.074468
0.744681 0.042553 0.079787 0.132979
0.856383 0.005319 0.058511 0.079787
0.042553 0.851064 0.053191 0.053191
0.569149 0.132979 0.117021 0.180851
0.202128 0.106383 0.063830 0.627660
0.015957 0.021277 0.941489 0.021277
0.010638 0.037234 0.010638 0.941489
0.015957 0.079787 0.031915 0.872340
0.053191 0.329787 0.297872 0.319149
0.015957 0.250000 0.691489 0.042553
0.595745 0.111702 0.069149 0.223404
0.212766 0.202128 0.239362 0.345745
0.079787 0.239362 0.367021 0.313830
0.058511 0.356383 0.324468 0.260638
0.127660 0.297872 0.292553 0.281915
0.250000 0.308511 0.313830 0.127660
0.297872 0.250000 0.239362 0.212766
0.271277 0.382979 0.117021 0.228723
0.260638 0.276596 0.244681 0.218085
0.250000 0.276596 0.212766 0.260638

