MEME version 4

ALPHABET= ACGT

strands: + -

MOTIF motif_1 motif_1
letter-probability matrix: alength= 4 w= 24
0.216590 0.184332 0.230415 0.368664
0.202765 0.179724 0.258065 0.359447
0.271889 0.101382 0.221198 0.405530
0.036866 0.456221 0.359447 0.147465
0.032258 0.843318 0.050691 0.073733
0.958525 0.013825 0.027650 0.000000
0.082949 0.013825 0.811060 0.092166
0.000000 0.589862 0.391705 0.018433
0.013825 0.562212 0.423963 0.000000
0.027650 0.935484 0.018433 0.018433
0.000000 0.000000 0.000000 1.000000
0.073733 0.018433 0.861751 0.046083
0.138249 0.313364 0.525346 0.023041
0.387097 0.179724 0.156682 0.276498
0.331797 0.152074 0.170507 0.345622
0.313364 0.244240 0.184332 0.258065
0.345622 0.193548 0.221198 0.239631
0.281106 0.253456 0.156682 0.308756
0.317972 0.271889 0.244240 0.165899
0.304147 0.184332 0.235023 0.276498
0.271889 0.207373 0.235023 0.285714
0.211982 0.230415 0.248848 0.308756
0.336406 0.152074 0.207373 0.304147
0.308756 0.207373 0.202765 0.281106

