MEME version 4

ALPHABET= ACGT

strands: + -

MOTIF motif_1 motif_1
letter-probability matrix: alength= 4 w= 24
0.234450 0.033493 0.617225 0.114833
0.732057 0.047847 0.110048 0.110048
0.334928 0.311005 0.014354 0.339713
0.038278 0.100478 0.215311 0.645933
0.086124 0.028708 0.803828 0.081340
0.732057 0.081340 0.124402 0.062201
0.172249 0.440191 0.038278 0.349282
0.215311 0.066986 0.301435 0.416268
0.153110 0.038278 0.593301 0.215311
0.956938 0.023923 0.004785 0.014354
0.172249 0.191388 0.028708 0.607656
0.004785 0.000000 0.153110 0.842105
0.000000 0.000000 1.000000 0.000000
0.971292 0.023923 0.000000 0.004785
0.095694 0.535885 0.105263 0.263158
0.172249 0.129187 0.411483 0.287081
0.311005 0.038278 0.612440 0.038278
0.861244 0.095694 0.019139 0.023923
0.215311 0.315789 0.023923 0.444976
0.014354 0.009569 0.167464 0.808612
0.009569 0.004785 0.971292 0.014354
0.803828 0.057416 0.086124 0.052632
0.162679 0.430622 0.071770 0.334928
0.181818 0.057416 0.550239 0.210526

MOTIF motif_7 motif_7
letter-probability matrix: alength= 4 w= 24
0.035714 0.767857 0.071429 0.125000
0.035714 0.946429 0.017857 0.000000
0.875000 0.035714 0.071429 0.017857
0.107143 0.053571 0.267857 0.571429
0.035714 0.875000 0.000000 0.089286
0.035714 0.892857 0.000000 0.071429
0.857143 0.000000 0.125000 0.017857
0.053571 0.000000 0.107143 0.839286
0.000000 0.982143 0.000000 0.017857
0.089286 0.892857 0.000000 0.017857
0.750000 0.000000 0.178571 0.071429
0.017857 0.071429 0.196429 0.714286
0.035714 0.892857 0.000000 0.071429
0.000000 1.000000 0.000000 0.000000
0.964286 0.017857 0.017857 0.000000
0.017857 0.053571 0.142857 0.785714
0.000000 1.000000 0.000000 0.000000
0.071429 0.892857 0.000000 0.035714
0.857143 0.035714 0.107143 0.000000
0.125000 0.035714 0.089286 0.750000
0.000000 0.875000 0.017857 0.107143
0.000000 1.000000 0.000000 0.000000
0.964286 0.000000 0.035714 0.000000
0.178571 0.107143 0.214286 0.500000

MOTIF motif_11 motif_11
letter-probability matrix: alength= 4 w= 24
0.195181 0.175904 0.320482 0.308434
0.000000 0.009639 0.050602 0.939759
0.004819 0.561446 0.421687 0.012048
0.915663 0.072289 0.000000 0.012048
0.383133 0.207229 0.154217 0.255422
0.016867 0.091566 0.130120 0.761446
0.098795 0.412048 0.414458 0.074699
0.525301 0.334940 0.091566 0.048193
0.318072 0.161446 0.238554 0.281928
0.026506 0.096386 0.077108 0.800000
0.040964 0.515663 0.431325 0.012048
0.884337 0.098795 0.009639 0.007229
0.339759 0.168675 0.180723 0.310843
0.050602 0.057831 0.154217 0.737349
0.137349 0.361446 0.390361 0.110843
0.640964 0.190361 0.069880 0.098795
0.346988 0.192771 0.238554 0.221687
0.028916 0.031325 0.096386 0.843373
0.033735 0.489157 0.455422 0.021687
0.804819 0.091566 0.067470 0.036145
0.443373 0.221687 0.173494 0.161446
0.077108 0.084337 0.178313 0.660241
0.139759 0.313253 0.424096 0.122892
0.587952 0.195181 0.040964 0.175904

MOTIF motif_5 motif_5
letter-probability matrix: alength= 4 w= 24
0.258503 0.102041 0.537415 0.102041
0.034014 0.034014 0.013605 0.918367
0.020408 0.979592 0.000000 0.000000
0.687075 0.299320 0.000000 0.013605
0.421769 0.068027 0.346939 0.163265
0.068027 0.088435 0.013605 0.829932
0.034014 0.823129 0.047619 0.095238
0.353741 0.523810 0.061224 0.061224
0.428571 0.047619 0.340136 0.183673
0.047619 0.027211 0.027211 0.897959
0.006803 0.972789 0.000000 0.020408
0.469388 0.510204 0.020408 0.000000
0.455782 0.027211 0.394558 0.122449
0.102041 0.061224 0.095238 0.741497
0.013605 0.625850 0.020408 0.340136
0.462585 0.414966 0.074830 0.047619
0.312925 0.163265 0.462585 0.061224
0.040816 0.183673 0.020408 0.755102
0.040816 0.925170 0.020408 0.013605
0.673469 0.272109 0.020408 0.034014
0.435374 0.020408 0.244898 0.299320
0.170068 0.020408 0.013605 0.795918
0.040816 0.857143 0.034014 0.068027
0.353741 0.217687 0.081633 0.346939

MOTIF motif_9 motif_9
letter-probability matrix: alength= 4 w= 24
0.115880 0.527897 0.111588 0.244635
0.566524 0.094421 0.248927 0.090129
0.034335 0.017167 0.051502 0.896996
0.030043 0.622318 0.197425 0.150215
0.510730 0.373391 0.068670 0.047210
0.793991 0.021459 0.098712 0.085837
0.012876 0.000000 0.008584 0.978541
0.038627 0.420601 0.347639 0.193133
0.261803 0.446352 0.201717 0.090129
0.472103 0.158798 0.330472 0.038627
0.060086 0.201717 0.158798 0.579399
0.081545 0.553648 0.240343 0.124464
0.437768 0.446352 0.098712 0.017167
0.802575 0.030043 0.158798 0.008584
0.004292 0.008584 0.034335 0.952790
0.085837 0.317597 0.218884 0.377682
0.218884 0.381974 0.218884 0.180258
0.725322 0.098712 0.137339 0.038627
0.103004 0.111588 0.077253 0.708155
0.094421 0.519313 0.244635 0.141631
0.442060 0.433476 0.098712 0.025751
0.793991 0.025751 0.137339 0.042918
0.077253 0.090129 0.021459 0.811159
0.085837 0.248927 0.313305 0.351931

MOTIF motif_2 motif_2
letter-probability matrix: alength= 4 w= 24
0.817259 0.060914 0.045685 0.076142
0.121827 0.248731 0.203046 0.426396
0.106599 0.147208 0.304569 0.441624
0.081218 0.010152 0.837563 0.071066
0.598985 0.142132 0.208122 0.050761
0.187817 0.538071 0.086294 0.187817
0.167513 0.040609 0.228426 0.563452
0.116751 0.030457 0.786802 0.065990
0.964467 0.020305 0.010152 0.005076
0.187817 0.329949 0.040609 0.441624
0.010152 0.000000 0.238579 0.751269
0.010152 0.000000 0.989848 0.000000
0.949239 0.040609 0.005076 0.005076
0.324873 0.228426 0.137056 0.309645
0.071066 0.111675 0.284264 0.532995
0.096447 0.015228 0.883249 0.005076
0.969543 0.025381 0.005076 0.000000
0.289340 0.309645 0.055838 0.345178
0.010152 0.005076 0.253807 0.730964
0.000000 0.000000 1.000000 0.000000
0.685279 0.111675 0.152284 0.050761
0.309645 0.522843 0.030457 0.137056
0.218274 0.111675 0.269036 0.401015
0.329949 0.060914 0.568528 0.040609

MOTIF motif_10 motif_10
letter-probability matrix: alength= 4 w= 24
0.054645 0.781421 0.027322 0.136612
0.289617 0.387978 0.109290 0.213115
0.366120 0.098361 0.366120 0.169399
0.065574 0.016393 0.065574 0.852459
0.032787 0.961749 0.000000 0.005464
0.622951 0.245902 0.043716 0.087432
0.322404 0.087432 0.393443 0.196721
0.065574 0.098361 0.065574 0.770492
0.027322 0.710383 0.071038 0.191257
0.289617 0.415301 0.092896 0.202186
0.316940 0.103825 0.557377 0.021858
0.054645 0.005464 0.038251 0.901639
0.000000 0.994536 0.005464 0.000000
0.786885 0.213115 0.000000 0.000000
0.562842 0.038251 0.327869 0.071038
0.043716 0.021858 0.038251 0.896175
0.071038 0.743169 0.016393 0.169399
0.349727 0.207650 0.142077 0.300546
0.306011 0.087432 0.480874 0.125683
0.087432 0.060109 0.065574 0.786885
0.000000 0.978142 0.000000 0.021858
0.786885 0.185792 0.016393 0.010929
0.601093 0.027322 0.344262 0.027322
0.125683 0.016393 0.027322 0.830601

MOTIF motif_6 motif_6
letter-probability matrix: alength= 4 w= 24
0.014706 0.257353 0.014706 0.713235
0.000000 0.941176 0.044118 0.014706
0.860294 0.073529 0.029412 0.036765
0.073529 0.198529 0.345588 0.382353
0.014706 0.441176 0.029412 0.514706
0.007353 0.977941 0.000000 0.014706
0.904412 0.044118 0.044118 0.007353
0.161765 0.073529 0.352941 0.411765
0.000000 0.352941 0.000000 0.647059
0.022059 0.926471 0.007353 0.044118
0.875000 0.073529 0.036765 0.014706
0.080882 0.007353 0.411765 0.500000
0.044118 0.308824 0.036765 0.610294
0.007353 0.948529 0.007353 0.036765
0.823529 0.110294 0.044118 0.022059
0.007353 0.088235 0.492647 0.411765
0.007353 0.308824 0.000000 0.683824
0.000000 0.977941 0.014706 0.007353
0.897059 0.022059 0.051471 0.029412
0.294118 0.044118 0.352941 0.308824
0.051471 0.338235 0.007353 0.602941
0.066176 0.919118 0.000000 0.014706
0.970588 0.007353 0.022059 0.000000
0.125000 0.044118 0.242647 0.588235

