MEME version 4

ALPHABET= ACGT

strands: + -

MOTIF motif_7 motif_7
letter-probability matrix: alength= 4 w= 24
0.254545 0.254545 0.127273 0.363636
0.090909 0.436364 0.200000 0.272727
0.254545 0.490909 0.145455 0.109091
0.145455 0.327273 0.381818 0.145455
0.272727 0.345455 0.200000 0.181818
0.145455 0.381818 0.200000 0.272727
0.272727 0.254545 0.145455 0.327273
0.254545 0.436364 0.236364 0.072727
0.127273 0.145455 0.509091 0.218182
0.218182 0.018182 0.436364 0.327273
0.072727 0.054545 0.854545 0.018182
0.018182 0.090909 0.818182 0.072727
0.000000 0.054545 0.000000 0.945455
0.145455 0.709091 0.054545 0.090909
0.636364 0.236364 0.018182 0.109091
0.090909 0.836364 0.072727 0.000000
0.000000 1.000000 0.000000 0.000000
0.563636 0.072727 0.036364 0.327273
0.254545 0.290909 0.254545 0.200000
0.200000 0.327273 0.090909 0.381818
0.200000 0.272727 0.200000 0.327273
0.290909 0.327273 0.145455 0.236364
0.236364 0.400000 0.200000 0.163636
0.163636 0.345455 0.254545 0.236364

