MEME version 4

ALPHABET= ACGT

strands: + -

MOTIF motif_8 motif_8
letter-probability matrix: alength= 4 w= 24
0.308824 0.375000 0.220588 0.095588
0.095588 0.191176 0.588235 0.125000
0.058824 0.316176 0.286765 0.338235
0.169118 0.544118 0.227941 0.058824
0.198529 0.617647 0.154412 0.029412
0.845588 0.022059 0.051471 0.080882
0.470588 0.213235 0.132353 0.183824
0.860294 0.110294 0.029412 0.000000
0.463235 0.308824 0.029412 0.198529
0.595588 0.257353 0.102941 0.044118
0.683824 0.264706 0.036765 0.014706
0.852941 0.022059 0.080882 0.044118
0.757353 0.095588 0.036765 0.110294
0.580882 0.183824 0.191176 0.044118
0.522059 0.132353 0.132353 0.213235
0.367647 0.161765 0.323529 0.147059
0.676471 0.110294 0.044118 0.169118
0.485294 0.294118 0.147059 0.073529
0.463235 0.198529 0.110294 0.227941
0.477941 0.066176 0.205882 0.250000
0.257353 0.191176 0.397059 0.154412
0.661765 0.073529 0.169118 0.095588
0.647059 0.139706 0.139706 0.073529
0.683824 0.036765 0.139706 0.139706

