MEME version 4

ALPHABET= ACGT

strands: + -

MOTIF motif_11 motif_11
letter-probability matrix: alength= 4 w= 24
0.342857 0.085714 0.357143 0.214286
0.671429 0.071429 0.057143 0.200000
0.214286 0.114286 0.300000 0.371429
0.042857 0.142857 0.042857 0.771429
0.800000 0.071429 0.128571 0.000000
0.385714 0.471429 0.100000 0.042857
0.528571 0.157143 0.071429 0.242857
0.100000 0.028571 0.857143 0.014286
0.057143 0.000000 0.942857 0.000000
0.028571 0.000000 0.971429 0.000000
0.000000 0.000000 0.000000 1.000000
1.000000 0.000000 0.000000 0.000000
0.042857 0.157143 0.028571 0.771429
0.100000 0.642857 0.142857 0.114286
0.328571 0.171429 0.057143 0.442857
0.171429 0.114286 0.428571 0.285714
0.542857 0.157143 0.171429 0.128571
0.128571 0.114286 0.128571 0.628571
0.671429 0.042857 0.185714 0.100000
0.128571 0.071429 0.600000 0.200000
0.071429 0.142857 0.085714 0.700000
0.042857 0.714286 0.057143 0.185714
0.114286 0.128571 0.714286 0.042857
0.671429 0.100000 0.142857 0.085714

MOTIF motif_5 motif_5
letter-probability matrix: alength= 4 w= 24
0.301471 0.352941 0.095588 0.250000
0.183824 0.161765 0.110294 0.544118
0.169118 0.463235 0.213235 0.154412
0.198529 0.169118 0.500000 0.132353
0.558824 0.213235 0.051471 0.176471
0.382353 0.330882 0.191176 0.095588
0.308824 0.235294 0.117647 0.338235
0.264706 0.235294 0.205882 0.294118
0.227941 0.323529 0.132353 0.316176
0.147059 0.301471 0.264706 0.286765
0.316176 0.147059 0.286765 0.250000
0.367647 0.139706 0.375000 0.117647
0.661765 0.183824 0.080882 0.073529
0.095588 0.095588 0.022059 0.786765
0.911765 0.007353 0.051471 0.029412
0.007353 0.985294 0.007353 0.000000
0.058824 0.852941 0.014706 0.073529
0.000000 0.808824 0.014706 0.176471
0.382353 0.139706 0.058824 0.419118
0.139706 0.161765 0.411765 0.286765
0.036765 0.169118 0.073529 0.720588
0.602941 0.022059 0.176471 0.198529
0.389706 0.301471 0.066176 0.242647
0.264706 0.073529 0.132353 0.529412

