MEME version 4

ALPHABET= ACGT

strands: + -

MOTIF motif_1 motif_1
letter-probability matrix: alength= 4 w= 24
0.098266 0.560694 0.115607 0.225434
0.335260 0.000000 0.115607 0.549133
0.179191 0.000000 0.809249 0.011561
0.144509 0.381503 0.115607 0.358382
0.138728 0.046243 0.283237 0.531792
0.028902 0.011561 0.820809 0.138728
0.017341 0.450867 0.445087 0.086705
0.057803 0.000000 0.294798 0.647399
0.005780 0.011561 0.982659 0.000000
0.063584 0.479769 0.271676 0.184971
0.080925 0.011561 0.514451 0.393064
0.080925 0.052023 0.728324 0.138728
0.173410 0.236994 0.468208 0.121387
0.040462 0.017341 0.323699 0.618497
0.000000 0.017341 0.982659 0.000000
0.034682 0.375723 0.317919 0.271676
0.213873 0.011561 0.346821 0.427746
0.000000 0.000000 0.815029 0.184971
0.057803 0.179191 0.502890 0.260116
0.156069 0.075145 0.080925 0.687861
0.023121 0.034682 0.930636 0.011561
0.017341 0.450867 0.138728 0.393064
0.104046 0.046243 0.202312 0.647399
0.017341 0.104046 0.780347 0.098266

MOTIF motif_5 motif_5
letter-probability matrix: alength= 4 w= 24
0.190840 0.526718 0.022901 0.259542
0.091603 0.603053 0.213740 0.091603
0.167939 0.389313 0.343511 0.099237
0.061069 0.435115 0.396947 0.106870
0.167939 0.511450 0.045802 0.274809
0.007634 0.755725 0.236641 0.000000
0.259542 0.374046 0.083969 0.282443
0.122137 0.442748 0.381679 0.053435
0.427481 0.442748 0.045802 0.083969
0.030534 0.908397 0.022901 0.038168
0.366412 0.465649 0.053435 0.114504
0.053435 0.450382 0.496183 0.000000
0.251908 0.290076 0.167939 0.290076
0.129771 0.557252 0.160305 0.152672
0.259542 0.465649 0.045802 0.229008
0.053435 0.816794 0.030534 0.099237
0.419847 0.312977 0.114504 0.152672
0.160305 0.458015 0.206107 0.175573
0.297710 0.366412 0.175573 0.160305
0.030534 0.877863 0.038168 0.053435
0.435115 0.305344 0.167939 0.091603
0.061069 0.534351 0.236641 0.167939
0.244275 0.190840 0.015267 0.549618
0.137405 0.160305 0.358779 0.343511

MOTIF motif_6 motif_6
letter-probability matrix: alength= 4 w= 24
0.481481 0.042328 0.037037 0.439153
0.153439 0.074074 0.708995 0.063492
0.137566 0.576720 0.116402 0.169312
0.560847 0.005291 0.058201 0.375661
0.084656 0.015873 0.814815 0.084656
0.058201 0.492063 0.005291 0.444444
0.417989 0.084656 0.000000 0.497354
0.052910 0.005291 0.915344 0.026455
0.021164 0.925926 0.000000 0.052910
0.513228 0.079365 0.021164 0.386243
0.322751 0.005291 0.666667 0.005291
0.037037 0.936508 0.015873 0.010582
0.603175 0.000000 0.068783 0.328042
0.259259 0.111111 0.571429 0.058201
0.052910 0.846561 0.037037 0.063492
0.571429 0.058201 0.000000 0.370370
0.291005 0.010582 0.661376 0.037037
0.042328 0.751323 0.005291 0.201058
0.465608 0.037037 0.010582 0.486772
0.052910 0.190476 0.756614 0.000000
0.100529 0.539683 0.010582 0.349206
0.555556 0.037037 0.026455 0.380952
0.560847 0.015873 0.375661 0.047619
0.031746 0.873016 0.010582 0.084656

