MEME version 4

ALPHABET= ACGT

strands: + -

MOTIF motif_11 motif_11
letter-probability matrix: alength= 4 w= 24
0.000000 0.000000 0.568627 0.431373
0.156863 0.137255 0.450980 0.254902
0.000000 0.117647 0.313725 0.568627
0.352941 0.137255 0.058824 0.450980
0.333333 0.196078 0.411765 0.058824
0.549020 0.313725 0.039216 0.098039
0.156863 0.000000 0.745098 0.098039
0.882353 0.039216 0.058824 0.019608
0.058824 0.019608 0.529412 0.392157
0.823529 0.156863 0.019608 0.000000
0.137255 0.078431 0.705882 0.078431
0.549020 0.235294 0.117647 0.098039
0.058824 0.117647 0.607843 0.215686
0.647059 0.117647 0.176471 0.058824
0.058824 0.137255 0.725490 0.078431
0.627451 0.156863 0.019608 0.196078
0.137255 0.098039 0.529412 0.235294
0.450980 0.137255 0.078431 0.333333
0.274510 0.000000 0.705882 0.019608
0.764706 0.058824 0.156863 0.019608
0.019608 0.098039 0.882353 0.000000
0.705882 0.039216 0.078431 0.176471
0.000000 0.000000 0.980392 0.019608
0.725490 0.176471 0.078431 0.019608

MOTIF motif_10 motif_10
letter-probability matrix: alength= 4 w= 24
0.08 0.59 0.17 0.16
0.14 0.13 0.15 0.58
0.10 0.84 0.03 0.03
0.09 0.06 0.15 0.70
0.00 0.99 0.01 0.00
0.05 0.03 0.02 0.90
0.02 0.81 0.12 0.05
0.01 0.18 0.00 0.81
0.02 0.64 0.10 0.24
0.12 0.05 0.26 0.57
0.06 0.56 0.20 0.18
0.03 0.33 0.04 0.60
0.03 0.69 0.08 0.20
0.08 0.00 0.42 0.50
0.08 0.81 0.05 0.06
0.01 0.00 0.06 0.93
0.00 0.97 0.01 0.02
0.10 0.02 0.08 0.80
0.01 0.92 0.02 0.05
0.10 0.18 0.15 0.57
0.04 0.67 0.17 0.12
0.21 0.26 0.07 0.46
0.17 0.25 0.25 0.33
0.15 0.33 0.19 0.33

