MEME version 4

ALPHABET= ACGT

strands: + -

MOTIF motif_6 motif_6
letter-probability matrix: alength= 4 w= 24
0.512111 0.152249 0.138408 0.197232
0.231834 0.211073 0.301038 0.256055
0.169550 0.335640 0.193772 0.301038
0.259516 0.259516 0.287197 0.193772
0.373702 0.242215 0.273356 0.110727
0.446367 0.193772 0.148789 0.211073
0.349481 0.217993 0.145329 0.287197
0.425606 0.238754 0.148789 0.186851
0.287197 0.214533 0.418685 0.079585
0.110727 0.733564 0.048443 0.107266
0.899654 0.027682 0.058824 0.013841
0.000000 0.868512 0.038062 0.093426
0.155709 0.010381 0.820069 0.013841
0.114187 0.176471 0.051903 0.657439
0.027682 0.062284 0.750865 0.159170
0.062284 0.259516 0.290657 0.387543
0.252595 0.204152 0.183391 0.359862
0.124567 0.245675 0.301038 0.328720
0.207612 0.155709 0.332180 0.304498
0.228374 0.128028 0.217993 0.425606
0.183391 0.176471 0.252595 0.387543
0.397924 0.134948 0.183391 0.283737
0.183391 0.346021 0.190311 0.280277
0.311419 0.121107 0.176471 0.391003

