MEME version 4

ALPHABET= ACGT

strands: + -

MOTIF motif_10 motif_10
letter-probability matrix: alength= 4 w= 24
0.296053 0.250000 0.118421 0.335526
0.539474 0.085526 0.026316 0.348684
0.302632 0.105263 0.151316 0.440789
0.052632 0.019737 0.105263 0.822368
0.203947 0.203947 0.223684 0.368421
0.263158 0.203947 0.105263 0.427632
0.756579 0.092105 0.039474 0.111842
0.322368 0.197368 0.243421 0.236842
0.519737 0.078947 0.026316 0.375000
0.092105 0.019737 0.052632 0.835526
0.493421 0.019737 0.355263 0.131579
0.190789 0.131579 0.559211 0.118421
0.131579 0.348684 0.203947 0.315789
0.105263 0.250000 0.190789 0.453947
0.243421 0.328947 0.217105 0.210526
0.105263 0.059211 0.032895 0.802632
0.309211 0.078947 0.184211 0.427632
0.440789 0.026316 0.092105 0.440789
0.282895 0.085526 0.065789 0.565789
0.710526 0.019737 0.125000 0.144737
0.250000 0.111842 0.092105 0.546053
0.546053 0.105263 0.328947 0.019737
0.585526 0.085526 0.013158 0.315789
0.078947 0.072368 0.243421 0.605263

