MEME version 4

ALPHABET= ACGT

strands: + -

MOTIF motif_1 motif_1
letter-probability matrix: alength= 4 w= 24
0.298883 0.201117 0.229050 0.270950
0.248603 0.201117 0.282123 0.268156
0.192737 0.296089 0.234637 0.276536
0.245810 0.178771 0.304469 0.270950
0.156425 0.170391 0.558659 0.114525
0.226257 0.600559 0.025140 0.148045
0.508380 0.044693 0.131285 0.315642
0.988827 0.002793 0.005587 0.002793
0.005587 0.972067 0.002793 0.019553
0.776536 0.005587 0.005587 0.212291
0.500000 0.002793 0.008380 0.488827
0.254190 0.002793 0.002793 0.740223
0.019553 0.016760 0.955307 0.008380
0.013966 0.002793 0.000000 0.983240
0.326816 0.069832 0.061453 0.541899
0.159218 0.025140 0.639665 0.175978
0.097765 0.541899 0.108939 0.251397
0.337989 0.270950 0.167598 0.223464
0.282123 0.184358 0.340782 0.192737
0.268156 0.220670 0.234637 0.276536
0.231844 0.262570 0.226257 0.279330
0.231844 0.215084 0.270950 0.282123
0.248603 0.243017 0.212291 0.296089
0.270950 0.192737 0.279330 0.256983

