MEME version 4

ALPHABET= ACGT

strands: + -

MOTIF motif_1 motif_1
letter-probability matrix: alength= 4 w= 24
0.46875 0.50000 0.00000 0.03125
0.96875 0.03125 0.00000 0.00000
0.06250 0.93750 0.00000 0.00000
0.00000 0.03125 0.00000 0.96875
0.00000 0.12500 0.87500 0.00000
0.03125 0.90625 0.03125 0.03125
0.03125 0.00000 0.06250 0.90625
0.06250 0.03125 0.03125 0.87500
0.00000 0.18750 0.71875 0.09375
0.21875 0.50000 0.09375 0.18750
0.37500 0.12500 0.12500 0.37500
0.15625 0.43750 0.06250 0.34375
0.12500 0.25000 0.34375 0.28125
0.25000 0.15625 0.40625 0.18750
0.15625 0.28125 0.15625 0.40625
0.31250 0.21875 0.21875 0.25000
0.37500 0.18750 0.21875 0.21875
0.12500 0.28125 0.34375 0.25000
0.31250 0.21875 0.12500 0.34375
0.37500 0.37500 0.06250 0.18750
0.09375 0.09375 0.65625 0.15625
0.34375 0.25000 0.25000 0.15625
0.15625 0.25000 0.12500 0.46875
0.18750 0.09375 0.09375 0.62500

