MEME version 4

ALPHABET= ACGT

strands: + -

MOTIF motif_5 motif_5
letter-probability matrix: alength= 4 w= 24
0.403846 0.153846 0.230769 0.211538
0.403846 0.211538 0.230769 0.153846
0.192308 0.471154 0.192308 0.144231
0.144231 0.086538 0.105769 0.663462
0.221154 0.067308 0.451923 0.259615
0.490385 0.394231 0.057692 0.057692
0.163462 0.057692 0.201923 0.576923
0.250000 0.394231 0.192308 0.163462
0.182692 0.009615 0.028846 0.778846
0.182692 0.153846 0.067308 0.596154
0.307692 0.461538 0.096154 0.134615
0.394231 0.201923 0.269231 0.134615
0.259615 0.365385 0.298077 0.076923
0.778846 0.000000 0.086538 0.134615
0.278846 0.134615 0.144231 0.442308
0.451923 0.240385 0.038462 0.269231
0.442308 0.211538 0.230769 0.115385
0.403846 0.076923 0.394231 0.125000
0.307692 0.115385 0.211538 0.365385
0.028846 0.086538 0.750000 0.134615
0.028846 0.211538 0.317308 0.442308
0.105769 0.413462 0.105769 0.375000
0.048077 0.028846 0.076923 0.846154
0.355769 0.182692 0.105769 0.355769

