MEME version 4

ALPHABET= ACGT

strands: + -

MOTIF motif_1 motif_1
letter-probability matrix: alength= 4 w= 24
0.284672 0.313869 0.328467 0.072993
0.408759 0.364964 0.094891 0.131387
0.218978 0.175182 0.160584 0.445255
0.043796 0.306569 0.087591 0.562044
0.043796 0.094891 0.686131 0.175182
0.094891 0.233577 0.270073 0.401460
0.226277 0.094891 0.591241 0.087591
0.233577 0.481752 0.175182 0.109489
0.014599 0.569343 0.255474 0.160584
0.408759 0.248175 0.204380 0.138686
0.197080 0.233577 0.416058 0.153285
0.270073 0.226277 0.167883 0.335766
0.043796 0.496350 0.116788 0.343066
0.080292 0.204380 0.481752 0.233577
0.036496 0.072993 0.043796 0.846715
0.007299 0.021898 0.160584 0.810219
0.102190 0.182482 0.262774 0.452555
0.058394 0.087591 0.043796 0.810219
0.116788 0.364964 0.248175 0.270073
0.116788 0.175182 0.335766 0.372263
0.065693 0.262774 0.182482 0.489051
0.102190 0.218978 0.072993 0.605839
0.072993 0.364964 0.102190 0.459854
0.138686 0.182482 0.401460 0.277372

