MEME version 4

ALPHABET= ACGT

strands: + -

MOTIF motif_13 motif_13
letter-probability matrix: alength= 4 w= 24
0.342857 0.066667 0.485714 0.104762
0.028571 0.942857 0.009524 0.019048
0.600000 0.038095 0.247619 0.114286
0.019048 0.819048 0.009524 0.152381
0.152381 0.095238 0.723810 0.028571
0.057143 0.219048 0.219048 0.504762
0.066667 0.019048 0.876190 0.038095
0.047619 0.695238 0.142857 0.114286
0.066667 0.580952 0.238095 0.114286
0.514286 0.104762 0.219048 0.161905
0.352381 0.447619 0.133333 0.066667
0.466667 0.028571 0.371429 0.133333
0.380952 0.295238 0.200000 0.123810
0.161905 0.104762 0.400000 0.333333
0.095238 0.457143 0.390476 0.057143
0.180952 0.219048 0.257143 0.342857
0.285714 0.219048 0.114286 0.380952
0.314286 0.200000 0.180952 0.304762
0.209524 0.380952 0.333333 0.076190
0.295238 0.142857 0.180952 0.380952
0.561905 0.133333 0.219048 0.085714
0.476190 0.200000 0.057143 0.266667
0.333333 0.133333 0.352381 0.180952
0.314286 0.266667 0.171429 0.247619

