MEME version 4

ALPHABET= ACGT

strands: + -

MOTIF motif_5 motif_5
letter-probability matrix: alength= 4 w= 24
0.350427 0.200855 0.277778 0.170940
0.282051 0.256410 0.294872 0.166667
0.256410 0.213675 0.282051 0.247863
0.196581 0.286325 0.235043 0.282051
0.286325 0.307692 0.252137 0.153846
0.277778 0.094017 0.427350 0.200855
0.145299 0.303419 0.196581 0.354701
0.256410 0.111111 0.102564 0.529915
0.722222 0.012821 0.042735 0.222222
0.098291 0.427350 0.076923 0.397436
0.000000 0.948718 0.000000 0.051282
0.012821 0.000000 0.987179 0.000000
0.470085 0.042735 0.414530 0.072650
0.337607 0.004274 0.004274 0.653846
0.782051 0.025641 0.000000 0.192308
0.324786 0.029915 0.418803 0.226496
0.128205 0.320513 0.106838 0.444444
0.264957 0.141026 0.235043 0.358974
0.358974 0.162393 0.282051 0.196581
0.243590 0.307692 0.162393 0.286325
0.311966 0.307692 0.183761 0.196581
0.324786 0.239316 0.196581 0.239316
0.316239 0.311966 0.200855 0.170940
0.205128 0.277778 0.311966 0.205128

