MEME version 4

ALPHABET= ACGT

strands: + -

MOTIF motif_7 motif_7
letter-probability matrix: alength= 4 w= 24
0.582090 0.119403 0.059701 0.238806
0.059701 0.074627 0.029851 0.835821
0.373134 0.044776 0.313433 0.268657
0.179104 0.208955 0.194030 0.417910
0.328358 0.119403 0.253731 0.298507
0.462687 0.268657 0.164179 0.104478
0.119403 0.029851 0.835821 0.014925
0.238806 0.104478 0.119403 0.537313
0.029851 0.134328 0.164179 0.671642
0.149254 0.253731 0.134328 0.462687
0.283582 0.134328 0.477612 0.104478
0.044776 0.223881 0.298507 0.432836
0.074627 0.313433 0.283582 0.328358
0.268657 0.522388 0.044776 0.164179
0.835821 0.044776 0.029851 0.089552
0.089552 0.089552 0.268657 0.552239
0.179104 0.507463 0.298507 0.014925
0.507463 0.208955 0.179104 0.104478
0.776119 0.119403 0.089552 0.014925
0.701493 0.074627 0.029851 0.194030
0.208955 0.313433 0.194030 0.283582
0.447761 0.298507 0.059701 0.194030
0.402985 0.238806 0.179104 0.179104
0.104478 0.462687 0.194030 0.238806

