MEME version 4

ALPHABET= ACGT

strands: + -

MOTIF motif_11 motif_11
letter-probability matrix: alength= 4 w= 24
0.361345 0.159664 0.243697 0.235294
0.336134 0.260504 0.268908 0.134454
0.109244 0.277311 0.277311 0.336134
0.252101 0.218487 0.058824 0.470588
0.352941 0.218487 0.218487 0.210084
0.420168 0.126050 0.243697 0.210084
0.201681 0.277311 0.134454 0.386555
0.319328 0.109244 0.243697 0.327731
0.361345 0.294118 0.243697 0.100840
0.361345 0.218487 0.344538 0.075630
0.302521 0.218487 0.168067 0.310924
0.092437 0.294118 0.210084 0.403361
0.294118 0.394958 0.084034 0.226891
0.277311 0.159664 0.184874 0.378151
0.361345 0.184874 0.277311 0.176471
0.184874 0.184874 0.142857 0.487395
0.100840 0.764706 0.109244 0.025210
0.126050 0.100840 0.025210 0.747899
0.369748 0.000000 0.033613 0.596639
0.983193 0.008403 0.008403 0.000000
0.000000 0.000000 0.000000 1.000000
0.000000 0.983193 0.000000 0.016807
0.361345 0.016807 0.428571 0.193277
0.344538 0.294118 0.210084 0.151261

