MEME version 4

ALPHABET= ACGT

strands: + -

MOTIF motif_11 motif_11
letter-probability matrix: alength= 4 w= 24
0.114754 0.040984 0.401639 0.442623
0.163934 0.049180 0.622951 0.163934
0.073770 0.483607 0.049180 0.393443
0.696721 0.131148 0.065574 0.106557
0.786885 0.090164 0.057377 0.065574
0.942623 0.057377 0.000000 0.000000
0.008197 0.098361 0.008197 0.885246
0.803279 0.016393 0.163934 0.016393
0.081967 0.073770 0.008197 0.836066
0.049180 0.032787 0.098361 0.819672
0.024590 0.040984 0.163934 0.770492
0.442623 0.032787 0.360656 0.163934
0.188525 0.663934 0.000000 0.147541
0.606557 0.090164 0.081967 0.221311
0.180328 0.204918 0.163934 0.450820
0.344262 0.098361 0.237705 0.319672
0.196721 0.196721 0.401639 0.204918
0.278689 0.122951 0.295082 0.303279
0.237705 0.262295 0.122951 0.377049
0.327869 0.196721 0.131148 0.344262
0.278689 0.196721 0.204918 0.319672
0.196721 0.352459 0.180328 0.270492
0.295082 0.221311 0.172131 0.311475
0.303279 0.122951 0.311475 0.262295

