MEME version 4

ALPHABET= ACGT

strands: + -

MOTIF motif_1 motif_1
letter-probability matrix: alength= 4 w= 24
0.234177 0.291139 0.297468 0.177215
0.227848 0.164557 0.284810 0.322785
0.360759 0.240506 0.221519 0.177215
0.297468 0.196203 0.145570 0.360759
0.329114 0.177215 0.183544 0.310127
0.177215 0.202532 0.145570 0.474684
0.373418 0.139241 0.221519 0.265823
0.183544 0.253165 0.272152 0.291139
0.246835 0.253165 0.158228 0.341772
0.227848 0.246835 0.234177 0.291139
0.139241 0.265823 0.208861 0.386076
0.234177 0.322785 0.227848 0.215190
0.367089 0.177215 0.088608 0.367089
0.335443 0.088608 0.050633 0.525316
0.018987 0.018987 0.000000 0.962025
0.310127 0.000000 0.689873 0.000000
0.006329 0.018987 0.006329 0.968354
0.000000 0.000000 0.018987 0.981013
0.006329 0.050633 0.107595 0.835443
0.689873 0.018987 0.265823 0.025316
0.094937 0.765823 0.006329 0.132911
0.373418 0.158228 0.082278 0.386076
0.063291 0.246835 0.031646 0.658228
0.506329 0.006329 0.107595 0.379747

MOTIF motif_10 motif_10
letter-probability matrix: alength= 4 w= 24
0.116129 0.238710 0.264516 0.380645
0.064516 0.025806 0.000000 0.909677
0.200000 0.025806 0.767742 0.006452
0.006452 0.012903 0.000000 0.980645
0.019355 0.058065 0.103226 0.819355
0.032258 0.000000 0.019355 0.948387
0.361290 0.058065 0.490323 0.090323
0.070968 0.567742 0.051613 0.309677
0.245161 0.258065 0.116129 0.380645
0.083871 0.077419 0.225806 0.612903
0.619355 0.083871 0.025806 0.270968
0.129032 0.238710 0.361290 0.270968
0.167742 0.264516 0.193548 0.374194
0.193548 0.187097 0.380645 0.238710
0.180645 0.400000 0.309677 0.109677
0.464516 0.180645 0.103226 0.251613
0.277419 0.141935 0.232258 0.348387
0.154839 0.141935 0.232258 0.470968
0.167742 0.290323 0.361290 0.180645
0.380645 0.096774 0.296774 0.225806
0.225806 0.309677 0.096774 0.367742
0.425806 0.245161 0.200000 0.129032
0.406452 0.116129 0.329032 0.148387
0.232258 0.270968 0.296774 0.200000

MOTIF motif_6 motif_6
letter-probability matrix: alength= 4 w= 24
0.368098 0.239264 0.184049 0.208589
0.288344 0.202454 0.196319 0.312883
0.177914 0.306748 0.349693 0.165644
0.325153 0.233129 0.239264 0.202454
0.411043 0.220859 0.079755 0.288344
0.368098 0.141104 0.282209 0.208589
0.337423 0.226994 0.184049 0.251534
0.343558 0.122699 0.337423 0.196319
0.276074 0.239264 0.147239 0.337423
0.300613 0.177914 0.214724 0.306748
0.300613 0.306748 0.184049 0.208589
0.300613 0.220859 0.288344 0.190184
0.288344 0.325153 0.128834 0.257669
0.355828 0.061350 0.024540 0.558282
0.490798 0.061350 0.251534 0.196319
0.453988 0.018405 0.294479 0.233129
0.331288 0.000000 0.662577 0.006135
0.000000 0.435583 0.000000 0.564417
0.938650 0.061350 0.000000 0.000000
1.000000 0.000000 0.000000 0.000000
1.000000 0.000000 0.000000 0.000000
0.000000 0.564417 0.000000 0.435583
1.000000 0.000000 0.000000 0.000000
0.576687 0.067485 0.141104 0.214724

