MEME version 4

ALPHABET= ACGT

strands: + -

MOTIF motif_6 motif_6
letter-probability matrix: alength= 4 w= 24
0.422222 0.155556 0.244444 0.177778
0.200000 0.155556 0.311111 0.333333
0.377778 0.222222 0.200000 0.200000
0.222222 0.311111 0.244444 0.222222
0.111111 0.533333 0.222222 0.133333
0.177778 0.311111 0.266667 0.244444
0.244444 0.133333 0.355556 0.266667
0.288889 0.133333 0.288889 0.288889
0.111111 0.422222 0.022222 0.444444
0.200000 0.133333 0.622222 0.044444
0.644444 0.022222 0.311111 0.022222
0.000000 0.955556 0.000000 0.044444
0.155556 0.733333 0.066667 0.044444
0.000000 0.177778 0.000000 0.822222
0.088889 0.044444 0.000000 0.866667
0.022222 0.177778 0.777778 0.022222
0.888889 0.000000 0.022222 0.088889
0.422222 0.466667 0.088889 0.022222
0.511111 0.355556 0.044444 0.088889
0.355556 0.133333 0.066667 0.444444
0.266667 0.111111 0.088889 0.533333
0.244444 0.222222 0.222222 0.311111
0.733333 0.111111 0.088889 0.066667
0.644444 0.088889 0.088889 0.177778

MOTIF motif_14 motif_14
letter-probability matrix: alength= 4 w= 24
0.201258 0.308176 0.169811 0.320755
0.314465 0.220126 0.314465 0.150943
0.396226 0.226415 0.176101 0.201258
0.194969 0.238994 0.352201 0.213836
0.220126 0.238994 0.232704 0.308176
0.226415 0.257862 0.245283 0.270440
0.257862 0.396226 0.201258 0.144654
0.157233 0.257862 0.402516 0.182390
0.345912 0.144654 0.182390 0.327044
0.157233 0.213836 0.314465 0.314465
0.094340 0.245283 0.459119 0.201258
0.176101 0.364780 0.132075 0.327044
0.062893 0.698113 0.194969 0.044025
0.861635 0.018868 0.119497 0.000000
0.918239 0.018868 0.050314 0.012579
0.069182 0.006289 0.855346 0.069182
0.031447 0.025157 0.899371 0.044025
0.025157 0.182390 0.037736 0.754717
0.012579 0.830189 0.081761 0.075472
0.685535 0.044025 0.264151 0.006289
0.295597 0.213836 0.308176 0.182390
0.238994 0.251572 0.352201 0.157233
0.176101 0.201258 0.421384 0.201258
0.295597 0.301887 0.238994 0.163522

