MEME version 4

ALPHABET= ACGT

strands: + -

MOTIF motif_5 motif_5
letter-probability matrix: alength= 4 w= 24
0.560694 0.173410 0.023121 0.242775
0.832370 0.052023 0.069364 0.046243
0.335260 0.346821 0.109827 0.208092
0.352601 0.034682 0.005780 0.606936
0.531792 0.040462 0.202312 0.225434
0.462428 0.300578 0.144509 0.092486
0.589595 0.132948 0.109827 0.167630
0.630058 0.052023 0.075145 0.242775
0.462428 0.028902 0.265896 0.242775
0.104046 0.294798 0.248555 0.352601
0.404624 0.196532 0.098266 0.300578
0.109827 0.057803 0.520231 0.312139
0.450867 0.138728 0.196532 0.213873
0.109827 0.057803 0.017341 0.815029
0.601156 0.040462 0.017341 0.341040
0.173410 0.115607 0.306358 0.404624
0.184971 0.086705 0.612717 0.115607
0.156069 0.179191 0.225434 0.439306
0.277457 0.208092 0.213873 0.300578
0.572254 0.138728 0.167630 0.121387
0.242775 0.040462 0.063584 0.653179
0.387283 0.208092 0.080925 0.323699
0.115607 0.017341 0.017341 0.849711
0.294798 0.052023 0.225434 0.427746

