MEME version 4

ALPHABET= ACGT

strands: + -

MOTIF motif_2 motif_2
letter-probability matrix: alength= 4 w= 24
0.495726 0.145299 0.230769 0.128205
0.495726 0.290598 0.136752 0.076923
0.572650 0.153846 0.179487 0.094017
0.350427 0.153846 0.487179 0.008547
0.401709 0.282051 0.102564 0.213675
0.538462 0.299145 0.076923 0.085470
0.538462 0.230769 0.136752 0.094017
0.427350 0.222222 0.247863 0.102564
0.538462 0.042735 0.299145 0.119658
0.623932 0.102564 0.111111 0.162393
0.461538 0.162393 0.136752 0.239316
0.478632 0.452991 0.042735 0.025641
0.905983 0.025641 0.051282 0.017094
0.905983 0.025641 0.042735 0.025641
0.803419 0.059829 0.076923 0.059829
0.247863 0.042735 0.683761 0.025641
0.487179 0.145299 0.008547 0.358974
0.581197 0.256410 0.102564 0.059829
0.230769 0.692308 0.008547 0.068376
0.871795 0.008547 0.119658 0.000000
0.846154 0.111111 0.025641 0.017094
0.452991 0.230769 0.145299 0.170940
0.649573 0.205128 0.119658 0.025641
0.572650 0.128205 0.119658 0.179487

MOTIF motif_10 motif_10
letter-probability matrix: alength= 4 w= 24
0.111940 0.037313 0.223881 0.626866
0.089552 0.059701 0.134328 0.716418
0.141791 0.097015 0.641791 0.119403
0.052239 0.186567 0.044776 0.716418
0.029851 0.037313 0.052239 0.880597
0.044776 0.231343 0.044776 0.679104
0.208955 0.119403 0.253731 0.417910
0.014925 0.238806 0.074627 0.671642
0.029851 0.014925 0.037313 0.917910
0.059701 0.119403 0.037313 0.783582
0.111940 0.126866 0.059701 0.701493
0.156716 0.253731 0.186567 0.402985
0.126866 0.417910 0.097015 0.358209
0.268657 0.186567 0.097015 0.447761
0.216418 0.201493 0.141791 0.440299
0.007463 0.164179 0.044776 0.783582
0.029851 0.298507 0.007463 0.664179
0.164179 0.037313 0.089552 0.708955
0.044776 0.029851 0.007463 0.917910
0.253731 0.104478 0.141791 0.500000
0.052239 0.029851 0.238806 0.679104
0.126866 0.149254 0.089552 0.634328
0.089552 0.201493 0.156716 0.552239
0.029851 0.037313 0.126866 0.805970

