MEME version 4

ALPHABET= ACGT

strands: + -

MOTIF motif_1 motif_1
letter-probability matrix: alength= 4 w= 24
0.140000 0.166667 0.646667 0.046667
0.073333 0.400000 0.420000 0.106667
0.040000 0.213333 0.720000 0.026667
0.246667 0.153333 0.453333 0.146667
0.166667 0.106667 0.566667 0.160000
0.100000 0.273333 0.546667 0.080000
0.060000 0.053333 0.833333 0.053333
0.020000 0.353333 0.526667 0.100000
0.153333 0.060000 0.780000 0.006667
0.060000 0.160000 0.713333 0.066667
0.073333 0.046667 0.846667 0.033333
0.020000 0.013333 0.780000 0.186667
0.066667 0.020000 0.886667 0.026667
0.013333 0.240000 0.533333 0.213333
0.060000 0.093333 0.726667 0.120000
0.013333 0.233333 0.566667 0.186667
0.120000 0.206667 0.586667 0.086667
0.086667 0.086667 0.593333 0.233333
0.160000 0.080000 0.740000 0.020000
0.166667 0.573333 0.200000 0.060000
0.513333 0.020000 0.286667 0.180000
0.133333 0.033333 0.513333 0.320000
0.060000 0.193333 0.300000 0.446667
0.106667 0.126667 0.553333 0.213333

MOTIF motif_12 motif_12
letter-probability matrix: alength= 4 w= 24
0.025641 0.871795 0.019231 0.083333
0.108974 0.653846 0.153846 0.083333
0.121795 0.769231 0.051282 0.057692
0.044872 0.807692 0.057692 0.089744
0.038462 0.756410 0.070513 0.134615
0.096154 0.608974 0.076923 0.217949
0.064103 0.608974 0.064103 0.262821
0.057692 0.698718 0.173077 0.070513
0.012821 0.769231 0.019231 0.198718
0.019231 0.807692 0.173077 0.000000
0.038462 0.852564 0.006410 0.102564
0.198718 0.615385 0.089744 0.096154
0.038462 0.846154 0.076923 0.038462
0.000000 0.628205 0.282051 0.089744
0.064103 0.596154 0.096154 0.243590
0.076923 0.448718 0.160256 0.314103
0.006410 0.884615 0.038462 0.070513
0.217949 0.608974 0.051282 0.121795
0.307692 0.275641 0.230769 0.185897
0.153846 0.596154 0.032051 0.217949
0.044872 0.737179 0.083333 0.134615
0.217949 0.519231 0.185897 0.076923
0.211538 0.429487 0.134615 0.224359
0.320513 0.070513 0.166667 0.442308

MOTIF motif_8 motif_8
letter-probability matrix: alength= 4 w= 24
0.067708 0.322917 0.057292 0.552083
0.442708 0.286458 0.192708 0.078125
0.166667 0.593750 0.114583 0.125000
0.041667 0.651042 0.255208 0.052083
0.083333 0.854167 0.046875 0.015625
0.286458 0.666667 0.026042 0.020833
0.104167 0.677083 0.151042 0.067708
0.114583 0.630208 0.130208 0.125000
0.125000 0.630208 0.078125 0.166667
0.145833 0.651042 0.156250 0.046875
0.026042 0.807292 0.130208 0.036458
0.291667 0.505208 0.177083 0.026042
0.135417 0.625000 0.151042 0.088542
0.062500 0.854167 0.067708 0.015625
0.119792 0.645833 0.182292 0.052083
0.161458 0.567708 0.197917 0.072917
0.093750 0.645833 0.078125 0.182292
0.260417 0.322917 0.270833 0.145833
0.057292 0.531250 0.161458 0.250000
0.088542 0.744792 0.119792 0.046875
0.072917 0.708333 0.104167 0.114583
0.208333 0.145833 0.463542 0.182292
0.083333 0.161458 0.161458 0.593750
0.359375 0.145833 0.270833 0.223958

MOTIF motif_10 motif_10
letter-probability matrix: alength= 4 w= 24
0.03125 0.06250 0.00000 0.90625
0.03125 0.15625 0.03125 0.78125
0.00000 0.12500 0.00000 0.87500
0.03125 0.25000 0.03125 0.68750
0.00000 0.37500 0.03125 0.59375
0.00000 0.09375 0.00000 0.90625
0.00000 0.46875 0.03125 0.50000
0.03125 0.40625 0.06250 0.50000
0.00000 0.00000 0.00000 1.00000
0.03125 0.06250 0.00000 0.90625
0.03125 0.37500 0.03125 0.56250
0.00000 0.28125 0.00000 0.71875
0.06250 0.18750 0.12500 0.62500
0.00000 0.12500 0.00000 0.87500
0.00000 0.12500 0.03125 0.84375
0.00000 0.15625 0.03125 0.81250
0.00000 0.43750 0.03125 0.53125
0.00000 0.31250 0.03125 0.65625
0.00000 0.21875 0.03125 0.75000
0.00000 0.50000 0.03125 0.46875
0.00000 0.68750 0.00000 0.31250
0.00000 0.00000 0.06250 0.93750
0.03125 0.03125 0.09375 0.84375
0.09375 0.09375 0.03125 0.78125

