MEME version 4

ALPHABET= ACGT

strands: + -

MOTIF motif_10 motif_10
letter-probability matrix: alength= 4 w= 24
0.213333 0.146667 0.306667 0.333333
0.013333 0.013333 0.000000 0.973333
0.493333 0.000000 0.493333 0.013333
0.000000 0.013333 0.000000 0.986667
0.026667 0.026667 0.093333 0.853333
0.000000 0.013333 0.026667 0.960000
0.546667 0.013333 0.373333 0.066667
0.133333 0.653333 0.026667 0.186667
0.466667 0.066667 0.080000 0.386667
0.026667 0.600000 0.026667 0.346667
0.640000 0.053333 0.093333 0.213333
0.186667 0.080000 0.493333 0.240000
0.053333 0.426667 0.360000 0.160000
0.106667 0.146667 0.186667 0.560000
0.200000 0.426667 0.293333 0.080000
0.173333 0.146667 0.186667 0.493333
0.320000 0.253333 0.186667 0.240000
0.213333 0.240000 0.200000 0.346667
0.173333 0.266667 0.186667 0.373333
0.266667 0.200000 0.373333 0.160000
0.320000 0.333333 0.133333 0.213333
0.320000 0.200000 0.173333 0.306667
0.266667 0.293333 0.160000 0.280000
0.493333 0.093333 0.093333 0.320000

