MEME version 4

ALPHABET= ACGT

strands: + -

MOTIF motif_13 motif_13
letter-probability matrix: alength= 4 w= 24
0.869369 0.058559 0.000000 0.072072
0.193694 0.486486 0.126126 0.193694
0.806306 0.153153 0.018018 0.022523
0.270270 0.166667 0.229730 0.333333
0.301802 0.265766 0.175676 0.256757
0.202703 0.072072 0.076577 0.648649
0.108108 0.018018 0.135135 0.738739
0.135135 0.162162 0.085586 0.617117
0.319820 0.220721 0.216216 0.243243
0.391892 0.409910 0.085586 0.112613
0.545045 0.121622 0.189189 0.144144
0.382883 0.297297 0.180180 0.139640
0.409910 0.171171 0.234234 0.184685
0.630631 0.130631 0.126126 0.112613
0.279279 0.121622 0.013514 0.585586
0.540541 0.072072 0.328829 0.058559
0.518018 0.117117 0.067568 0.297297
0.171171 0.018018 0.027027 0.783784
0.036036 0.342342 0.265766 0.355856
0.234234 0.297297 0.265766 0.202703
0.522523 0.270270 0.108108 0.099099
0.463964 0.108108 0.184685 0.243243
0.238739 0.198198 0.117117 0.445946
0.513514 0.171171 0.090090 0.225225

