MEME version 4

ALPHABET= ACGT

strands: + -

MOTIF motif_1 motif_1
letter-probability matrix: alength= 4 w= 24
0.317757 0.112150 0.261682 0.308411
0.327103 0.308411 0.158879 0.205607
0.327103 0.289720 0.224299 0.158879
0.233645 0.252336 0.336449 0.177570
0.355140 0.093458 0.289720 0.261682
0.186916 0.289720 0.289720 0.233645
0.261682 0.205607 0.327103 0.205607
0.738318 0.037383 0.112150 0.112150
0.897196 0.018692 0.065421 0.018692
0.775701 0.074766 0.121495 0.028037
0.056075 0.009346 0.934579 0.000000
0.028037 0.000000 0.897196 0.074766
0.028037 0.009346 0.943925 0.018692
0.056075 0.009346 0.261682 0.672897
0.046729 0.009346 0.046729 0.897196
0.467290 0.102804 0.186916 0.242991
0.364486 0.177570 0.373832 0.084112
0.364486 0.289720 0.112150 0.233645
0.224299 0.084112 0.168224 0.523364
0.102804 0.336449 0.261682 0.299065
0.299065 0.261682 0.261682 0.177570
0.177570 0.280374 0.261682 0.280374
0.336449 0.336449 0.158879 0.168224
0.177570 0.299065 0.224299 0.299065

MOTIF motif_10 motif_10
letter-probability matrix: alength= 4 w= 24
0.104478 0.089552 0.298507 0.507463
0.044776 0.402985 0.044776 0.507463
0.985075 0.000000 0.000000 0.014925
0.865672 0.059701 0.044776 0.029851
0.000000 0.940299 0.000000 0.059701
0.000000 1.000000 0.000000 0.000000
0.014925 0.985075 0.000000 0.000000
0.014925 0.149254 0.000000 0.835821
0.014925 0.014925 0.000000 0.970149
0.014925 0.029851 0.044776 0.910448
0.134328 0.358209 0.194030 0.313433
0.179104 0.313433 0.223881 0.283582
0.238806 0.238806 0.208955 0.313433
0.134328 0.238806 0.253731 0.373134
0.283582 0.208955 0.194030 0.313433
0.238806 0.388060 0.149254 0.223881
0.164179 0.313433 0.283582 0.238806
0.328358 0.298507 0.134328 0.238806
0.149254 0.328358 0.253731 0.268657
0.238806 0.358209 0.029851 0.373134
0.208955 0.164179 0.343284 0.283582
0.223881 0.238806 0.402985 0.134328
0.149254 0.343284 0.238806 0.268657
0.268657 0.223881 0.179104 0.328358

