MEME version 4

ALPHABET= ACGT

strands: + -

MOTIF motif_6 motif_6
letter-probability matrix: alength= 4 w= 24
0.840708 0.017699 0.035398 0.106195
0.247788 0.592920 0.097345 0.061947
0.407080 0.203540 0.132743 0.256637
0.274336 0.212389 0.327434 0.185841
0.336283 0.203540 0.415929 0.044248
0.380531 0.469027 0.044248 0.106195
0.415929 0.044248 0.221239 0.318584
0.141593 0.221239 0.460177 0.176991
0.035398 0.371681 0.407080 0.185841
0.106195 0.353982 0.247788 0.292035
0.176991 0.088496 0.477876 0.256637
0.159292 0.398230 0.203540 0.238938
0.203540 0.168142 0.079646 0.548673
0.274336 0.451327 0.123894 0.150442
0.823009 0.008850 0.026549 0.141593
0.035398 0.203540 0.000000 0.761062
0.203540 0.000000 0.557522 0.238938
0.159292 0.371681 0.141593 0.327434
0.451327 0.008850 0.247788 0.292035
0.424779 0.238938 0.079646 0.256637
0.557522 0.061947 0.008850 0.371681
0.168142 0.283186 0.106195 0.442478
0.309735 0.079646 0.309735 0.300885
0.194690 0.238938 0.159292 0.407080

