MEME version 4

ALPHABET= ACGT

strands: + -

MOTIF motif_5 motif_5
letter-probability matrix: alength= 4 w= 24
0.324324 0.157658 0.238739 0.279279
0.225225 0.279279 0.252252 0.243243
0.306306 0.166667 0.202703 0.324324
0.279279 0.283784 0.247748 0.189189
0.315315 0.252252 0.337838 0.094595
0.252252 0.355856 0.189189 0.202703
0.418919 0.220721 0.081081 0.279279
0.355856 0.216216 0.180180 0.247748
0.400901 0.184685 0.180180 0.234234
0.270270 0.400901 0.121622 0.207207
0.297297 0.130631 0.288288 0.283784
0.459459 0.202703 0.243243 0.094595
0.261261 0.351351 0.180180 0.207207
0.459459 0.135135 0.297297 0.108108
0.148649 0.243243 0.328829 0.279279
0.130631 0.238739 0.495495 0.135135
0.364865 0.189189 0.193694 0.252252
0.545045 0.031532 0.382883 0.040541
0.045045 0.932432 0.009009 0.013514
0.842342 0.049550 0.081081 0.027027
0.342342 0.121622 0.504505 0.031532
0.238739 0.657658 0.058559 0.045045
0.018018 0.054054 0.040541 0.887387
0.036036 0.027027 0.891892 0.045045

MOTIF motif_2 motif_2
letter-probability matrix: alength= 4 w= 24
0.328767 0.232877 0.321918 0.116438
0.246575 0.541096 0.068493 0.143836
0.472603 0.226027 0.109589 0.191781
0.424658 0.383562 0.130137 0.061644
0.335616 0.116438 0.301370 0.246575
0.294521 0.472603 0.006849 0.226027
0.753425 0.000000 0.239726 0.006849
0.527397 0.246575 0.068493 0.157534
0.458904 0.061644 0.109589 0.369863
0.130137 0.335616 0.047945 0.486301
0.506849 0.157534 0.075342 0.260274
0.349315 0.438356 0.143836 0.068493
0.602740 0.198630 0.006849 0.191781
0.376712 0.089041 0.301370 0.232877
0.376712 0.178082 0.246575 0.198630
0.061644 0.027397 0.054795 0.856164
0.301370 0.171233 0.390411 0.136986
0.267123 0.082192 0.157534 0.493151
0.383562 0.294521 0.164384 0.157534
0.595890 0.198630 0.027397 0.178082
0.979452 0.020548 0.000000 0.000000
0.130137 0.404110 0.171233 0.294521
0.232877 0.273973 0.390411 0.102740
0.171233 0.157534 0.089041 0.582192

MOTIF motif_6 motif_6
letter-probability matrix: alength= 4 w= 24
0.426087 0.234783 0.286957 0.052174
0.443478 0.069565 0.443478 0.043478
0.026087 0.947826 0.017391 0.008696
0.913043 0.008696 0.060870 0.017391
0.008696 0.104348 0.860870 0.026087
0.060870 0.782609 0.121739 0.034783
0.026087 0.060870 0.034783 0.878261
0.000000 0.000000 1.000000 0.000000
0.165217 0.391304 0.060870 0.382609
0.052174 0.452174 0.147826 0.347826
0.130435 0.208696 0.495652 0.165217
0.104348 0.434783 0.226087 0.234783
0.217391 0.365217 0.269565 0.147826
0.165217 0.339130 0.208696 0.286957
0.269565 0.130435 0.321739 0.278261
0.165217 0.226087 0.086957 0.521739
0.147826 0.295652 0.226087 0.330435
0.147826 0.217391 0.208696 0.426087
0.321739 0.200000 0.165217 0.313043
0.139130 0.365217 0.182609 0.313043
0.347826 0.234783 0.147826 0.269565
0.217391 0.313043 0.200000 0.269565
0.495652 0.295652 0.147826 0.060870
0.278261 0.208696 0.156522 0.356522

