MEME version 4

ALPHABET= ACGT

strands: + -

MOTIF motif_1 motif_1
letter-probability matrix: alength= 4 w= 24
0.338384 0.272727 0.297980 0.090909
0.848485 0.035354 0.060606 0.055556
0.227273 0.262626 0.090909 0.419192
0.095960 0.156566 0.060606 0.686869
0.101010 0.222222 0.171717 0.505051
0.520202 0.212121 0.045455 0.222222
0.545455 0.065657 0.207071 0.181818
0.207071 0.303030 0.090909 0.398990
0.181818 0.227273 0.111111 0.479798
0.338384 0.232323 0.196970 0.232323
0.166667 0.247475 0.050505 0.535354
0.136364 0.015152 0.025253 0.823232
0.252525 0.090909 0.308081 0.348485
0.136364 0.101010 0.060606 0.702020
0.045455 0.060606 0.232323 0.661616
0.025253 0.101010 0.065657 0.808081
0.247475 0.227273 0.308081 0.217172
0.080808 0.136364 0.141414 0.641414
0.070707 0.257576 0.292929 0.378788
0.424242 0.242424 0.176768 0.156566
0.373737 0.313131 0.207071 0.106061
0.520202 0.202020 0.116162 0.161616
0.095960 0.000000 0.207071 0.696970
0.494949 0.111111 0.181818 0.212121

