MEME version 4

ALPHABET= ACGT

strands: + -

MOTIF motif_13 motif_13
letter-probability matrix: alength= 4 w= 24
0.409091 0.175325 0.123377 0.292208
0.428571 0.103896 0.097403 0.370130
0.558442 0.116883 0.103896 0.220779
0.389610 0.227273 0.129870 0.253247
0.551948 0.103896 0.227273 0.116883
0.123377 0.181818 0.025974 0.668831
0.357143 0.090909 0.292208 0.259740
0.175325 0.506494 0.097403 0.220779
0.162338 0.123377 0.058442 0.655844
0.487013 0.279221 0.045455 0.188312
0.902597 0.051948 0.006494 0.038961
0.324675 0.058442 0.616883 0.000000
0.370130 0.493506 0.032468 0.103896
0.688312 0.110390 0.077922 0.123377
0.311688 0.103896 0.162338 0.422078
0.305195 0.188312 0.279221 0.227273
0.090909 0.233766 0.253247 0.422078
0.181818 0.012987 0.019481 0.785714
0.454545 0.103896 0.136364 0.305195
0.259740 0.285714 0.071429 0.383117
0.577922 0.064935 0.181818 0.175325
0.863636 0.045455 0.019481 0.071429
0.233766 0.279221 0.214286 0.272727
0.616883 0.207792 0.032468 0.142857

