MEME version 4

ALPHABET= ACGT

strands: + -

MOTIF motif_10 motif_10
letter-probability matrix: alength= 4 w= 24
0.182320 0.430939 0.176796 0.209945
0.281768 0.309392 0.176796 0.232044
0.259669 0.143646 0.248619 0.348066
0.116022 0.303867 0.215470 0.364641
0.193370 0.453039 0.171271 0.182320
0.226519 0.232044 0.232044 0.309392
0.353591 0.381215 0.104972 0.160221
0.182320 0.270718 0.022099 0.524862
0.104972 0.254144 0.154696 0.486188
0.049724 0.077348 0.077348 0.795580
0.171271 0.651934 0.038674 0.138122
0.011050 0.784530 0.000000 0.204420
0.000000 0.961326 0.005525 0.033149
0.000000 0.795580 0.143646 0.060773
0.049724 0.546961 0.033149 0.370166
0.127072 0.077348 0.121547 0.674033
0.204420 0.602210 0.110497 0.082873
0.187845 0.088398 0.187845 0.535912
0.116022 0.337017 0.093923 0.453039
0.287293 0.187845 0.154696 0.370166
0.276243 0.480663 0.116022 0.127072
0.220994 0.226519 0.375691 0.176796
0.204420 0.408840 0.204420 0.182320
0.348066 0.209945 0.232044 0.209945

