MEME version 4

ALPHABET= ACGT

strands: + -

MOTIF motif_1 motif_1
letter-probability matrix: alength= 4 w= 24
0.253138 0.205021 0.261506 0.280335
0.284519 0.209205 0.213389 0.292887
0.282427 0.221757 0.152720 0.343096
0.280335 0.232218 0.169456 0.317992
0.284519 0.198745 0.225941 0.290795
0.269874 0.225941 0.230126 0.274059
0.317992 0.175732 0.211297 0.294979
0.305439 0.225941 0.184100 0.284519
0.309623 0.163180 0.242678 0.284519
0.320084 0.194561 0.219665 0.265690
0.230126 0.238494 0.219665 0.311715
0.148536 0.154812 0.330544 0.366109
0.483264 0.089958 0.410042 0.016736
0.000000 0.000000 0.002092 0.997908
0.000000 0.000000 0.025105 0.974895
0.845188 0.000000 0.154812 0.000000
0.000000 0.410042 0.002092 0.587866
0.581590 0.002092 0.412134 0.004184
0.002092 0.131799 0.002092 0.864017
0.974895 0.023013 0.002092 0.000000
0.997908 0.000000 0.000000 0.002092
0.014644 0.470711 0.085774 0.428870
0.334728 0.349372 0.154812 0.161088
0.341004 0.200837 0.232218 0.225941

