MEME version 4

ALPHABET= ACGT

strands: + -

MOTIF motif_1 motif_1
letter-probability matrix: alength= 4 w= 24
0.287879 0.159091 0.325758 0.227273
0.174242 0.227273 0.401515 0.196970
0.257576 0.242424 0.363636 0.136364
0.136364 0.113636 0.500000 0.250000
0.159091 0.530303 0.075758 0.234848
0.151515 0.651515 0.143939 0.053030
0.022727 0.007576 0.916667 0.053030
0.068182 0.901515 0.022727 0.007576
0.015152 0.946970 0.037879 0.000000
0.984848 0.000000 0.015152 0.000000
0.000000 0.000000 0.000000 1.000000
0.189394 0.196970 0.045455 0.568182
0.022727 0.007576 0.022727 0.946970
0.007576 0.022727 0.015152 0.954545
0.022727 0.113636 0.621212 0.242424
0.378788 0.166667 0.189394 0.265152
0.386364 0.068182 0.098485 0.446970
0.242424 0.159091 0.106061 0.492424
0.189394 0.113636 0.242424 0.454545
0.204545 0.234848 0.227273 0.333333
0.189394 0.265152 0.272727 0.272727
0.363636 0.204545 0.272727 0.159091
0.234848 0.265152 0.151515 0.348485
0.257576 0.250000 0.250000 0.242424

MOTIF motif_10 motif_10
letter-probability matrix: alength= 4 w= 24
0.275591 0.259843 0.141732 0.322835
0.401575 0.188976 0.110236 0.299213
0.385827 0.086614 0.173228 0.354331
0.299213 0.251969 0.149606 0.299213
0.330709 0.440945 0.086614 0.141732
0.866142 0.023622 0.094488 0.015748
0.842520 0.062992 0.000000 0.094488
0.598425 0.149606 0.133858 0.118110
0.992126 0.000000 0.007874 0.000000
0.000000 0.007874 0.000000 0.992126
0.000000 0.000000 1.000000 0.000000
0.000000 0.000000 0.984252 0.015748
0.031496 0.937008 0.007874 0.023622
0.031496 0.133858 0.669291 0.165354
0.125984 0.118110 0.511811 0.244094
0.220472 0.598425 0.055118 0.125984
0.102362 0.472441 0.275591 0.149606
0.236220 0.228346 0.322835 0.212598
0.188976 0.338583 0.165354 0.307087
0.212598 0.244094 0.307087 0.236220
0.314961 0.188976 0.212598 0.283465
0.283465 0.291339 0.267717 0.157480
0.354331 0.165354 0.283465 0.196850
0.307087 0.251969 0.228346 0.212598

MOTIF motif_6 motif_6
letter-probability matrix: alength= 4 w= 24
0.338028 0.176056 0.126761 0.359155
0.239437 0.267606 0.330986 0.161972
0.098592 0.225352 0.478873 0.197183
0.126761 0.295775 0.415493 0.161972
0.232394 0.042254 0.570423 0.154930
0.140845 0.535211 0.014085 0.309859
0.204225 0.535211 0.056338 0.204225
0.056338 0.028169 0.830986 0.084507
0.035211 0.852113 0.014085 0.098592
0.007042 0.894366 0.000000 0.098592
0.929577 0.035211 0.014085 0.021127
0.035211 0.056338 0.035211 0.873239
0.126761 0.204225 0.070423 0.598592
0.070423 0.049296 0.077465 0.802817
0.021127 0.063380 0.091549 0.823944
0.218310 0.126761 0.542254 0.112676
0.549296 0.147887 0.105634 0.197183
0.478873 0.112676 0.098592 0.309859
0.366197 0.070423 0.204225 0.359155
0.274648 0.119718 0.169014 0.436620
0.380282 0.197183 0.197183 0.225352
0.345070 0.309859 0.190141 0.154930
0.338028 0.274648 0.197183 0.190141
0.239437 0.274648 0.309859 0.176056

