MEME version 4

ALPHABET= ACGT

strands: + -

MOTIF motif_13 motif_13
letter-probability matrix: alength= 4 w= 24
0.200000 0.305882 0.176471 0.317647
0.282353 0.105882 0.282353 0.329412
0.152941 0.352941 0.129412 0.364706
0.258824 0.082353 0.070588 0.588235
0.188235 0.035294 0.047059 0.729412
0.941176 0.011765 0.000000 0.047059
0.000000 0.011765 0.764706 0.223529
0.000000 0.894118 0.011765 0.094118
0.270588 0.329412 0.258824 0.141176
0.423529 0.105882 0.341176 0.129412
0.541176 0.000000 0.364706 0.094118
0.011765 0.023529 0.800000 0.164706
0.635294 0.035294 0.094118 0.235294
0.047059 0.741176 0.011765 0.200000
0.470588 0.176471 0.094118 0.258824
0.188235 0.729412 0.011765 0.070588
0.494118 0.164706 0.341176 0.000000
0.882353 0.082353 0.011765 0.023529
0.905882 0.035294 0.047059 0.011765
0.000000 0.988235 0.000000 0.011765
0.000000 1.000000 0.000000 0.000000
0.600000 0.200000 0.058824 0.141176
0.247059 0.200000 0.152941 0.400000
0.341176 0.164706 0.141176 0.352941

MOTIF motif_8 motif_8
letter-probability matrix: alength= 4 w= 24
0.818182 0.030303 0.010101 0.141414
0.000000 0.111111 0.626263 0.262626
0.020202 0.747475 0.030303 0.202020
0.272727 0.313131 0.313131 0.101010
0.525253 0.141414 0.242424 0.090909
0.515152 0.000000 0.222222 0.262626
0.131313 0.020202 0.707071 0.141414
0.656566 0.040404 0.020202 0.282828
0.020202 0.656566 0.000000 0.323232
0.282828 0.121212 0.090909 0.505051
0.090909 0.545455 0.121212 0.242424
0.737374 0.131313 0.090909 0.040404
0.949495 0.040404 0.000000 0.010101
0.818182 0.060606 0.090909 0.030303
0.010101 0.787879 0.171717 0.030303
0.030303 0.848485 0.040404 0.080808
0.404040 0.191919 0.212121 0.191919
0.282828 0.242424 0.202020 0.272727
0.333333 0.060606 0.060606 0.545455
0.545455 0.090909 0.070707 0.292929
0.202020 0.121212 0.252525 0.424242
0.141414 0.282828 0.353535 0.222222
0.323232 0.161616 0.191919 0.323232
0.383838 0.101010 0.171717 0.343434

MOTIF motif_11 motif_11
letter-probability matrix: alength= 4 w= 24
0.010309 0.010309 0.958763 0.020619
0.020619 0.000000 0.979381 0.000000
0.030928 0.020619 0.010309 0.938144
0.020619 0.030928 0.103093 0.845361
0.020619 0.288660 0.237113 0.453608
0.216495 0.072165 0.597938 0.113402
0.278351 0.103093 0.113402 0.505155
0.206186 0.030928 0.721649 0.041237
0.206186 0.010309 0.030928 0.752577
0.268041 0.711340 0.020619 0.000000
0.072165 0.340206 0.020619 0.567010
0.237113 0.340206 0.123711 0.298969
0.103093 0.360825 0.381443 0.154639
0.278351 0.000000 0.680412 0.041237
0.103093 0.762887 0.123711 0.010309
0.051546 0.041237 0.000000 0.907216
0.711340 0.030928 0.195876 0.061856
0.731959 0.092784 0.061856 0.113402
0.443299 0.206186 0.257732 0.092784
0.288660 0.288660 0.195876 0.226804
0.185567 0.195876 0.381443 0.237113
0.288660 0.360825 0.154639 0.195876
0.154639 0.216495 0.164948 0.463918
0.340206 0.175258 0.195876 0.288660

MOTIF motif_6 motif_6
letter-probability matrix: alength= 4 w= 24
0.088889 0.011111 0.900000 0.000000
0.055556 0.011111 0.922222 0.011111
0.122222 0.022222 0.022222 0.833333
0.111111 0.011111 0.133333 0.744444
0.033333 0.266667 0.288889 0.411111
0.044444 0.122222 0.688889 0.144444
0.166667 0.166667 0.100000 0.566667
0.122222 0.000000 0.855556 0.022222
0.144444 0.166667 0.055556 0.633333
0.255556 0.700000 0.022222 0.022222
0.111111 0.266667 0.111111 0.511111
0.200000 0.322222 0.166667 0.311111
0.166667 0.366667 0.244444 0.222222
0.122222 0.022222 0.844444 0.011111
0.044444 0.844444 0.111111 0.000000
0.044444 0.000000 0.000000 0.955556
0.655556 0.033333 0.111111 0.200000
0.588889 0.088889 0.200000 0.122222
0.333333 0.144444 0.355556 0.166667
0.222222 0.355556 0.188889 0.233333
0.255556 0.200000 0.433333 0.111111
0.255556 0.277778 0.111111 0.355556
0.144444 0.244444 0.122222 0.488889
0.277778 0.177778 0.155556 0.388889

