MEME version 4

ALPHABET= ACGT

strands: + -

MOTIF motif_1 motif_1
letter-probability matrix: alength= 4 w= 24
0.279279 0.207207 0.252252 0.261261
0.279279 0.261261 0.265766 0.193694
0.229730 0.256757 0.270270 0.243243
0.189189 0.288288 0.234234 0.288288
0.301802 0.171171 0.279279 0.247748
0.225225 0.207207 0.369369 0.198198
0.193694 0.531532 0.121622 0.153153
0.364865 0.481982 0.063063 0.090090
0.828829 0.009009 0.144144 0.018018
0.157658 0.770270 0.031532 0.040541
0.040541 0.626126 0.027027 0.306306
0.040541 0.000000 0.018018 0.941441
0.000000 0.000000 1.000000 0.000000
0.000000 0.009009 0.000000 0.990991
0.009009 0.004505 0.027027 0.959459
0.036036 0.004505 0.954955 0.004505
0.220721 0.662162 0.067568 0.049550
0.153153 0.207207 0.198198 0.441441
0.112613 0.274775 0.229730 0.382883
0.189189 0.274775 0.247748 0.288288
0.130631 0.306306 0.225225 0.337838
0.148649 0.292793 0.274775 0.283784
0.157658 0.315315 0.261261 0.265766
0.216216 0.216216 0.261261 0.306306

MOTIF motif_6 motif_6
letter-probability matrix: alength= 4 w= 24
0.304348 0.229814 0.267081 0.198758
0.310559 0.118012 0.403727 0.167702
0.273292 0.285714 0.285714 0.155280
0.360248 0.149068 0.291925 0.198758
0.279503 0.310559 0.291925 0.118012
0.397516 0.192547 0.316770 0.093168
0.453416 0.236025 0.118012 0.192547
0.043478 0.018634 0.677019 0.260870
0.000000 0.975155 0.000000 0.024845
0.975155 0.012422 0.000000 0.012422
0.993789 0.006211 0.000000 0.000000
0.000000 1.000000 0.000000 0.000000
0.962733 0.000000 0.000000 0.037267
0.354037 0.018634 0.596273 0.031056
0.012422 0.043478 0.695652 0.248447
0.049689 0.124224 0.006211 0.819876
0.093168 0.062112 0.490683 0.354037
0.142857 0.161491 0.490683 0.204969
0.130435 0.391304 0.186335 0.291925
0.105590 0.378882 0.229814 0.285714
0.285714 0.273292 0.254658 0.186335
0.236025 0.260870 0.229814 0.273292
0.229814 0.273292 0.254658 0.242236
0.316770 0.242236 0.260870 0.180124

