MEME version 4

ALPHABET= ACGT

strands: + -

MOTIF motif_7 motif_7
letter-probability matrix: alength= 4 w= 24
0.293103 0.213793 0.200000 0.293103
0.275862 0.182759 0.275862 0.265517
0.224138 0.217241 0.186207 0.372414
0.175862 0.279310 0.303448 0.241379
0.203448 0.275862 0.313793 0.206897
0.175862 0.324138 0.248276 0.251724
0.331034 0.289655 0.096552 0.282759
0.231034 0.217241 0.479310 0.072414
0.441379 0.003448 0.555172 0.000000
0.624138 0.334483 0.013793 0.027586
0.996552 0.000000 0.003448 0.000000
0.000000 0.000000 0.003448 0.996552
0.034483 0.003448 0.262069 0.700000
0.000000 0.831034 0.000000 0.168966
0.020690 0.672414 0.103448 0.203448
0.468966 0.082759 0.220690 0.227586
0.282759 0.262069 0.272414 0.182759
0.262069 0.300000 0.279310 0.158621
0.289655 0.306897 0.272414 0.131034
0.375862 0.231034 0.203448 0.189655
0.303448 0.220690 0.251724 0.224138
0.386207 0.162069 0.148276 0.303448
0.258621 0.255172 0.179310 0.306897
0.231034 0.210345 0.196552 0.362069

