MEME version 4

ALPHABET= ACGT

strands: + -

MOTIF motif_11 motif_11
letter-probability matrix: alength= 4 w= 24
0.398551 0.268116 0.137681 0.195652
0.072464 0.021739 0.268116 0.637681
0.195652 0.007246 0.101449 0.695652
0.014493 0.101449 0.043478 0.840580
0.239130 0.282609 0.101449 0.376812
0.202899 0.144928 0.065217 0.586957
0.485507 0.007246 0.152174 0.355072
0.173913 0.086957 0.528986 0.210145
0.362319 0.289855 0.217391 0.130435
0.398551 0.115942 0.173913 0.311594
0.217391 0.086957 0.065217 0.630435
0.434783 0.065217 0.028986 0.471014
0.043478 0.036232 0.057971 0.862319
0.159420 0.289855 0.275362 0.275362
0.231884 0.021739 0.217391 0.528986
0.376812 0.405797 0.086957 0.130435
0.065217 0.137681 0.130435 0.666667
0.152174 0.268116 0.166667 0.413043
0.478261 0.297101 0.094203 0.130435
0.318841 0.275362 0.217391 0.188406
0.057971 0.079710 0.405797 0.456522
0.144928 0.144928 0.260870 0.449275
0.028986 0.028986 0.086957 0.855072
0.152174 0.036232 0.434783 0.376812

