MEME version 4

ALPHABET= ACGT

strands: + -

MOTIF motif_1 motif_1
letter-probability matrix: alength= 4 w= 24
0.198630 0.458904 0.328767 0.013699
0.315068 0.109589 0.184932 0.390411
0.041096 0.246575 0.315068 0.397260
0.150685 0.342466 0.232877 0.273973
0.027397 0.212329 0.404110 0.356164
0.102740 0.082192 0.143836 0.671233
0.198630 0.075342 0.219178 0.506849
0.178082 0.171233 0.143836 0.506849
0.061644 0.219178 0.061644 0.657534
0.020548 0.171233 0.041096 0.767123
0.205479 0.089041 0.273973 0.431507
0.061644 0.041096 0.212329 0.684932
0.178082 0.006849 0.178082 0.636986
0.006849 0.000000 0.000000 0.993151
0.000000 0.000000 0.000000 1.000000
0.000000 0.000000 0.000000 1.000000
0.000000 0.047945 0.034247 0.917808
0.006849 0.020548 0.020548 0.952055
0.013699 0.027397 0.061644 0.897260
0.136986 0.116438 0.075342 0.671233
0.082192 0.102740 0.246575 0.568493
0.171233 0.130137 0.095890 0.602740
0.054795 0.239726 0.082192 0.623288
0.061644 0.061644 0.328767 0.547945

MOTIF motif_10 motif_10
letter-probability matrix: alength= 4 w= 24
0.033613 0.142857 0.117647 0.705882
0.092437 0.050420 0.100840 0.756303
0.075630 0.050420 0.176471 0.697479
0.075630 0.075630 0.050420 0.798319
0.050420 0.159664 0.050420 0.739496
0.075630 0.075630 0.025210 0.823529
0.084034 0.109244 0.100840 0.705882
0.067227 0.016807 0.000000 0.915966
0.226891 0.159664 0.042017 0.571429
0.042017 0.109244 0.495798 0.352941
0.109244 0.159664 0.310924 0.420168
0.058824 0.193277 0.504202 0.243697
0.008403 0.285714 0.000000 0.705882
0.008403 0.016807 0.092437 0.882353
0.109244 0.470588 0.075630 0.344538
0.176471 0.033613 0.025210 0.764706
0.084034 0.436975 0.226891 0.252101
0.386555 0.210084 0.075630 0.327731
0.369748 0.168067 0.084034 0.378151
0.117647 0.327731 0.100840 0.453782
0.050420 0.411765 0.159664 0.378151
0.151261 0.201681 0.243697 0.403361
0.058824 0.302521 0.142857 0.495798
0.126050 0.411765 0.075630 0.386555

MOTIF motif_6 motif_6
letter-probability matrix: alength= 4 w= 24
0.339869 0.261438 0.254902 0.143791
0.392157 0.196078 0.294118 0.117647
0.542484 0.137255 0.065359 0.254902
0.411765 0.143791 0.137255 0.307190
0.274510 0.352941 0.320261 0.052288
0.379085 0.326797 0.183007 0.111111
0.437908 0.098039 0.267974 0.196078
0.326797 0.183007 0.235294 0.254902
0.352941 0.294118 0.130719 0.222222
0.379085 0.274510 0.111111 0.235294
0.457516 0.189542 0.248366 0.104575
0.235294 0.457516 0.058824 0.248366
0.562092 0.150327 0.209150 0.078431
0.398693 0.189542 0.372549 0.039216
0.843137 0.104575 0.000000 0.052288
0.803922 0.104575 0.091503 0.000000
0.941176 0.013072 0.006536 0.039216
0.980392 0.019608 0.000000 0.000000
0.993464 0.000000 0.000000 0.006536
0.980392 0.019608 0.000000 0.000000
0.993464 0.006536 0.000000 0.000000
0.980392 0.000000 0.000000 0.019608
0.947712 0.045752 0.006536 0.000000
0.660131 0.130719 0.032680 0.176471

