MEME version 4

ALPHABET= ACGT

strands: + -

MOTIF motif_10 motif_10
letter-probability matrix: alength= 4 w= 24
0.034722 0.388889 0.159722 0.416667
0.159722 0.076389 0.125000 0.638889
0.020833 0.062500 0.138889 0.777778
0.104167 0.180556 0.048611 0.666667
0.215278 0.076389 0.284722 0.423611
0.104167 0.486111 0.104167 0.305556
0.104167 0.076389 0.319444 0.500000
0.097222 0.243056 0.048611 0.611111
0.194444 0.013889 0.104167 0.687500
0.048611 0.041667 0.013889 0.895833
0.131944 0.013889 0.006944 0.847222
0.118056 0.194444 0.270833 0.416667
0.430556 0.125000 0.104167 0.340278
0.208333 0.194444 0.062500 0.534722
0.034722 0.138889 0.118056 0.708333
0.076389 0.166667 0.041667 0.715278
0.062500 0.263889 0.340278 0.333333
0.013889 0.090278 0.006944 0.888889
0.013889 0.104167 0.034722 0.847222
0.118056 0.020833 0.326389 0.534722
0.083333 0.104167 0.055556 0.756944
0.166667 0.055556 0.048611 0.729167
0.201389 0.034722 0.131944 0.631944
0.208333 0.069444 0.020833 0.701389

