MEME version 4

ALPHABET= ACGT

strands: + -

MOTIF motif_6 motif_6
letter-probability matrix: alength= 4 w= 24
0.620690 0.103448 0.137931 0.137931
0.637931 0.017241 0.017241 0.327586
0.103448 0.258621 0.284483 0.353448
0.189655 0.120690 0.103448 0.586207
0.034483 0.068966 0.879310 0.017241
0.017241 0.939655 0.025862 0.017241
0.275862 0.008621 0.086207 0.629310
0.112069 0.034483 0.844828 0.008621
0.844828 0.120690 0.008621 0.025862
0.129310 0.327586 0.448276 0.094828
0.232759 0.232759 0.275862 0.258621
0.198276 0.232759 0.163793 0.405172
0.439655 0.163793 0.293103 0.103448
0.396552 0.155172 0.241379 0.206897
0.232759 0.224138 0.448276 0.094828
0.215517 0.586207 0.068966 0.129310
0.637931 0.086207 0.172414 0.103448
0.568966 0.129310 0.181034 0.120690
0.612069 0.068966 0.077586 0.241379
0.465517 0.112069 0.034483 0.387931
0.525862 0.060345 0.120690 0.293103
0.250000 0.362069 0.215517 0.172414
0.370690 0.232759 0.103448 0.293103
0.327586 0.129310 0.163793 0.379310

MOTIF motif_4 motif_4
letter-probability matrix: alength= 4 w= 24
0.326531 0.158163 0.280612 0.234694
0.382653 0.214286 0.147959 0.255102
0.397959 0.086735 0.122449 0.392857
0.346939 0.102041 0.102041 0.448980
0.301020 0.112245 0.132653 0.454082
0.265306 0.214286 0.204082 0.316327
0.158163 0.209184 0.234694 0.397959
0.127551 0.265306 0.520408 0.086735
0.214286 0.535714 0.102041 0.147959
0.336735 0.163265 0.153061 0.346939
0.403061 0.147959 0.295918 0.153061
0.423469 0.219388 0.270408 0.086735
0.290816 0.270408 0.341837 0.096939
0.056122 0.051020 0.066327 0.826531
0.214286 0.709184 0.025510 0.051020
0.867347 0.005102 0.086735 0.040816
0.091837 0.000000 0.872449 0.035714
0.000000 0.994898 0.000000 0.005102
0.653061 0.015306 0.239796 0.091837
0.448980 0.112245 0.198980 0.239796
0.561224 0.030612 0.000000 0.408163
0.525510 0.020408 0.015306 0.438776
0.321429 0.061224 0.086735 0.530612
0.244898 0.163265 0.178571 0.413265

MOTIF motif_14 motif_14
letter-probability matrix: alength= 4 w= 24
0.290323 0.225806 0.344086 0.139785
0.301075 0.462366 0.150538 0.086022
0.376344 0.258065 0.215054 0.150538
0.247312 0.032258 0.075269 0.645161
0.107527 0.419355 0.053763 0.419355
0.215054 0.118280 0.107527 0.559140
0.408602 0.096774 0.161290 0.333333
0.129032 0.247312 0.064516 0.559140
0.075269 0.086022 0.172043 0.666667
0.215054 0.225806 0.322581 0.236559
0.107527 0.204301 0.064516 0.623656
0.075269 0.118280 0.645161 0.161290
0.021505 0.741935 0.118280 0.118280
0.505376 0.096774 0.107527 0.290323
0.075269 0.236559 0.172043 0.516129
0.215054 0.107527 0.430108 0.247312
0.075269 0.268817 0.247312 0.408602
0.247312 0.322581 0.096774 0.333333
0.333333 0.118280 0.010753 0.537634
0.129032 0.387097 0.161290 0.322581
0.010753 0.118280 0.838710 0.032258
0.043011 0.849462 0.086022 0.021505
0.881720 0.032258 0.043011 0.043011
0.473118 0.215054 0.096774 0.215054

