MEME version 4

ALPHABET= ACGT

strands: + -

MOTIF motif_12 motif_12
letter-probability matrix: alength= 4 w= 24
0.278169 0.211268 0.151408 0.359155
0.355634 0.165493 0.200704 0.278169
0.228873 0.169014 0.327465 0.274648
0.334507 0.176056 0.369718 0.119718
0.197183 0.383803 0.214789 0.204225
0.239437 0.299296 0.169014 0.292254
0.288732 0.260563 0.190141 0.260563
0.464789 0.207746 0.144366 0.183099
0.112676 0.408451 0.190141 0.288732
0.323944 0.144366 0.084507 0.447183
0.369718 0.200704 0.285211 0.144366
0.352113 0.292254 0.154930 0.200704
0.161972 0.320423 0.306338 0.211268
0.330986 0.316901 0.140845 0.211268
0.214789 0.214789 0.457746 0.112676
0.450704 0.313380 0.095070 0.140845
0.450704 0.052817 0.158451 0.338028
0.514085 0.056338 0.316901 0.112676
0.035211 0.024648 0.911972 0.028169
0.253521 0.088028 0.161972 0.496479
0.052817 0.845070 0.042254 0.059859
0.816901 0.063380 0.095070 0.024648
0.630282 0.045775 0.281690 0.042254
0.232394 0.316901 0.320423 0.130282

