MEME version 4

ALPHABET= ACGT

strands: + -

MOTIF motif_1 motif_1
letter-probability matrix: alength= 4 w= 24
0.127119 0.135593 0.720339 0.016949
0.957627 0.000000 0.025424 0.016949
0.042373 0.000000 0.957627 0.000000
0.974576 0.016949 0.008475 0.000000
0.008475 0.008475 0.983051 0.000000
0.898305 0.084746 0.016949 0.000000
0.050847 0.000000 0.932203 0.016949
0.686441 0.237288 0.025424 0.050847
0.084746 0.067797 0.771186 0.076271
0.576271 0.161017 0.101695 0.161017
0.144068 0.169492 0.669492 0.016949
0.720339 0.033898 0.194915 0.050847
0.059322 0.059322 0.805085 0.076271
0.796610 0.059322 0.084746 0.059322
0.093220 0.135593 0.737288 0.033898
0.559322 0.093220 0.211864 0.135593
0.042373 0.118644 0.830508 0.008475
0.711864 0.144068 0.067797 0.076271
0.076271 0.059322 0.847458 0.016949
0.906780 0.059322 0.016949 0.016949
0.084746 0.000000 0.779661 0.135593
0.440678 0.322034 0.152542 0.084746
0.220339 0.101695 0.559322 0.118644
0.415254 0.101695 0.228814 0.254237

MOTIF motif_10 motif_10
letter-probability matrix: alength= 4 w= 24
0.054688 0.875000 0.000000 0.070312
0.046875 0.007812 0.195312 0.750000
0.000000 0.875000 0.046875 0.078125
0.093750 0.000000 0.062500 0.843750
0.031250 0.796875 0.023438 0.148438
0.023438 0.000000 0.140625 0.835938
0.031250 0.875000 0.039062 0.054688
0.046875 0.015625 0.085938 0.851562
0.031250 0.742188 0.031250 0.195312
0.062500 0.171875 0.031250 0.734375
0.023438 0.726562 0.070312 0.179688
0.125000 0.187500 0.039062 0.648438
0.023438 0.867188 0.046875 0.062500
0.046875 0.015625 0.187500 0.750000
0.007812 0.960938 0.000000 0.031250
0.015625 0.000000 0.000000 0.984375
0.000000 0.992188 0.000000 0.007812
0.031250 0.015625 0.031250 0.921875
0.031250 0.750000 0.078125 0.140625
0.062500 0.109375 0.226562 0.601562
0.093750 0.531250 0.109375 0.265625
0.101562 0.398438 0.125000 0.375000
0.132812 0.359375 0.226562 0.281250
0.109375 0.140625 0.125000 0.625000

