MEME version 4

ALPHABET= ACGT

strands: + -

MOTIF motif_12 motif_12
letter-probability matrix: alength= 4 w= 24
0.053659 0.048780 0.029268 0.868293
0.078049 0.102439 0.326829 0.492683
0.112195 0.282927 0.117073 0.487805
0.887805 0.024390 0.039024 0.048780
0.273171 0.409756 0.043902 0.273171
0.126829 0.170732 0.039024 0.663415
0.107317 0.200000 0.229268 0.463415
0.473171 0.117073 0.263415 0.146341
0.395122 0.048780 0.185366 0.370732
0.307317 0.292683 0.136585 0.263415
0.458537 0.136585 0.121951 0.282927
0.453659 0.102439 0.082927 0.360976
0.546341 0.039024 0.170732 0.243902
0.321951 0.234146 0.112195 0.331707
0.317073 0.053659 0.029268 0.600000
0.439024 0.058537 0.165854 0.336585
0.614634 0.190244 0.107317 0.087805
0.073171 0.190244 0.117073 0.619512
0.346341 0.180488 0.170732 0.302439
0.204878 0.229268 0.214634 0.351220
0.356098 0.190244 0.302439 0.151220
0.180488 0.346341 0.214634 0.258537
0.282927 0.243902 0.029268 0.443902
0.917073 0.024390 0.034146 0.024390

