MEME version 4

ALPHABET= ACGT

strands: + -

MOTIF motif_1 motif_1
letter-probability matrix: alength= 4 w= 24
0.543269 0.115385 0.192308 0.149038
0.096154 0.278846 0.115385 0.509615
0.389423 0.168269 0.384615 0.057692
0.110577 0.009615 0.009615 0.870192
0.024038 0.048077 0.894231 0.033654
0.105769 0.100962 0.235577 0.557692
0.221154 0.129808 0.442308 0.206731
0.100962 0.293269 0.418269 0.187500
0.254808 0.182692 0.480769 0.081731
0.427885 0.317308 0.235577 0.019231
0.134615 0.774038 0.057692 0.033654
0.899038 0.024038 0.033654 0.043269
0.038462 0.182692 0.211538 0.567308
0.456731 0.081731 0.413462 0.048077
0.163462 0.091346 0.100962 0.644231
0.163462 0.076923 0.677885 0.081731
0.240385 0.115385 0.168269 0.475962
0.110577 0.293269 0.235577 0.360577
0.379808 0.201923 0.307692 0.110577
0.370192 0.317308 0.206731 0.105769
0.264423 0.350962 0.230769 0.153846
0.341346 0.197115 0.230769 0.230769
0.158654 0.298077 0.177885 0.365385
0.360577 0.288462 0.149038 0.201923

MOTIF motif_10 motif_10
letter-probability matrix: alength= 4 w= 24
0.179811 0.249211 0.280757 0.290221
0.119874 0.299685 0.331230 0.249211
0.148265 0.337539 0.312303 0.201893
0.447950 0.233438 0.201893 0.116719
0.634069 0.195584 0.135647 0.034700
0.003155 0.987382 0.000000 0.009464
1.000000 0.000000 0.000000 0.000000
0.009464 0.347003 0.085174 0.558360
0.621451 0.085174 0.287066 0.006309
0.003155 0.012618 0.000000 0.984227
0.003155 0.000000 0.990536 0.006309
0.031546 0.097792 0.214511 0.656151
0.094637 0.179811 0.299685 0.425868
0.179811 0.293375 0.309148 0.217666
0.211356 0.255521 0.299685 0.233438
0.236593 0.299685 0.233438 0.230284
0.186120 0.356467 0.239748 0.217666
0.429022 0.157729 0.230284 0.182965
0.182965 0.151420 0.236593 0.429022
0.365931 0.113565 0.246057 0.274448
0.299685 0.201893 0.145110 0.353312
0.280757 0.135647 0.258675 0.324921
0.227129 0.157729 0.324921 0.290221
0.255521 0.220820 0.233438 0.290221

