MEME version 4

ALPHABET= ACGT

strands: + -

MOTIF motif_2 motif_2
letter-probability matrix: alength= 4 w= 24
0.161290 0.193548 0.274194 0.370968
0.193548 0.290323 0.096774 0.419355
0.306452 0.129032 0.306452 0.258065
0.080645 0.080645 0.709677 0.129032
0.048387 0.741935 0.048387 0.161290
0.112903 0.129032 0.000000 0.758065
0.967742 0.000000 0.016129 0.016129
1.000000 0.000000 0.000000 0.000000
0.000000 0.000000 0.000000 1.000000
0.000000 0.048387 0.000000 0.951613
0.838710 0.000000 0.048387 0.112903
0.112903 0.032258 0.774194 0.080645
0.080645 0.741935 0.096774 0.080645
0.145161 0.419355 0.112903 0.322581
0.322581 0.129032 0.290323 0.258065
0.290323 0.193548 0.241935 0.274194
0.338710 0.258065 0.177419 0.225806
0.306452 0.112903 0.306452 0.274194
0.209677 0.209677 0.290323 0.290323
0.145161 0.193548 0.403226 0.258065
0.322581 0.225806 0.209677 0.241935
0.241935 0.177419 0.241935 0.338710
0.145161 0.274194 0.435484 0.145161
0.129032 0.532258 0.193548 0.145161

